0.000000000000000000e+00 3.000000000000000000e+01
1.001001001001000992e-02 2.980177249571657683e+01
2.002002002002001985e-02 2.960355463887639615e+01
3.003003003003002977e-02 2.940535607692270403e+01
4.004004004004003969e-02 2.920718645729874652e+01
5.005005005005004615e-02 2.900905542744776255e+01
6.006006006006005954e-02 2.881097263481299819e+01
7.007007007007007293e-02 2.861294772683770304e+01
8.008008008008007939e-02 2.841499035096511250e+01
9.009009009009008584e-02 2.821711015463847616e+01
1.001001001001000923e-01 2.801931678530103653e+01
1.101101101101101126e-01 2.782161989039603611e+01
1.201201201201201191e-01 2.762402911736672451e+01
1.301301301301301394e-01 2.742655411365634066e+01
1.401401401401401459e-01 2.722920452670813063e+01
1.501501501501501523e-01 2.703199000396534046e+01
1.601601601601601588e-01 2.683492019287120911e+01
1.701701701701701652e-01 2.663800474086898618e+01
1.801801801801801717e-01 2.644125329540191061e+01
1.901901901901901781e-01 2.624467550391322845e+01
2.002002002002001846e-01 2.604828101384618577e+01
2.102102102102102188e-01 2.585207947264402861e+01
2.202202202202202252e-01 2.565608052774999237e+01
2.302302302302302317e-01 2.546029382660733020e+01
2.402402402402402382e-01 2.526472901665928106e+01
2.502502502502502724e-01 2.506939574534908743e+01
2.602602602602602788e-01 2.487430366012000249e+01
2.702702702702702853e-01 2.467946240841526162e+01
2.802802802802802917e-01 2.448488163767811443e+01
2.902902902902902982e-01 2.429057099535179987e+01
3.003003003003003046e-01 2.409654012887956398e+01
3.103103103103103111e-01 2.390279868570465638e+01
3.203203203203203175e-01 2.370935631327031246e+01
3.303303303303303240e-01 2.351622265901978182e+01
3.403403403403403304e-01 2.332340737039630341e+01
3.503503503503503369e-01 2.313092009484312683e+01
3.603603603603603434e-01 2.293877047980349815e+01
3.703703703703703498e-01 2.274696817272065275e+01
3.803803803803803563e-01 2.255552282103784023e+01
3.903903903903903627e-01 2.236444407219830666e+01
4.004004004004003692e-01 2.217374157364529097e+01
4.104104104104104311e-01 2.198342497282204278e+01
4.204204204204204376e-01 2.179350391717180102e+01
4.304304304304304440e-01 2.160398805413781176e+01
4.404404404404404505e-01 2.141488703116332104e+01
4.504504504504504570e-01 2.122621049569157137e+01
4.604604604604604634e-01 2.103796809516580524e+01
4.704704704704704699e-01 2.085016947702926871e+01
4.804804804804804763e-01 2.066282428872520427e+01
4.904904904904904828e-01 2.047594217769686153e+01
5.005005005005005447e-01 2.028953279138747234e+01
5.105105105105105512e-01 2.010360577724029696e+01
5.205205205205205576e-01 1.991817078269856722e+01
5.305305305305305641e-01 1.973323745520553274e+01
5.405405405405405705e-01 1.954881544220443601e+01
5.505505505505505770e-01 1.936491439113852309e+01
5.605605605605605835e-01 1.918154394945103647e+01
5.705705705705705899e-01 1.899871376458521866e+01
5.805805805805805964e-01 1.881643348398431570e+01
5.905905905905906028e-01 1.863471275509157365e+01
6.006006006006006093e-01 1.845356122535023147e+01
6.106106106106106157e-01 1.827298854220353874e+01
6.206206206206206222e-01 1.809300435309473443e+01
6.306306306306306286e-01 1.791361830546706102e+01
6.406406406406406351e-01 1.773484004676377168e+01
6.506506506506506415e-01 1.755667922442810891e+01
6.606606606606606480e-01 1.737914548590330810e+01
6.706706706706706544e-01 1.720224847863262241e+01
6.806806806806806609e-01 1.702599785005929078e+01
6.906906906906906674e-01 1.685040324762655928e+01
7.007007007007006738e-01 1.667547431877767394e+01
7.107107107107106803e-01 1.650122071095587373e+01
7.207207207207206867e-01 1.632765207160440823e+01
7.307307307307306932e-01 1.615477804816651641e+01
7.407407407407406996e-01 1.598260828808544609e+01
7.507507507507507061e-01 1.581115243880444154e+01
7.607607607607607125e-01 1.564042014776674350e+01
7.707707707707707190e-01 1.547042106241559978e+01
7.807807807807807254e-01 1.530116483019424933e+01
7.907907907907907319e-01 1.513266109854594355e+01
8.008008008008007383e-01 1.496491951491392136e+01
8.108108108108108558e-01 1.479794972674142883e+01
8.208208208208208623e-01 1.463176138147171024e+01
8.308308308308308687e-01 1.446636412654800452e+01
8.408408408408408752e-01 1.430176760941356306e+01
8.508508508508508816e-01 1.413798147751162837e+01
8.608608608608608881e-01 1.397501537828544471e+01
8.708708708708708945e-01 1.381287895917825104e+01
8.808808808808809010e-01 1.365158186763329873e+01
8.908908908908909074e-01 1.349113375109382673e+01
9.009009009009009139e-01 1.333154425700308288e+01
9.109109109109109204e-01 1.317282303280430789e+01
9.209209209209209268e-01 1.301497972594074781e+01
9.309309309309309333e-01 1.285802398385564693e+01
9.409409409409409397e-01 1.270196545399224775e+01
9.509509509509509462e-01 1.254681378379379453e+01
9.609609609609609526e-01 1.239257862070353511e+01
9.709709709709709591e-01 1.223926961216470843e+01
9.809809809809809655e-01 1.208689640562056056e+01
9.909909909909909720e-01 1.193546864851433753e+01
1.001001001001001089e+00 1.178499598676618376e+01
1.011011011011011096e+00 1.163548604514977036e+01
1.021021021021021102e+00 1.148694044287689486e+01
1.031031031031031109e+00 1.133935968882342671e+01
1.041041041041041115e+00 1.119274429186523179e+01
1.051051051051051122e+00 1.104709476087817421e+01
1.061061061061061128e+00 1.090241160473811988e+01
1.071071071071071135e+00 1.075869533232093822e+01
1.081081081081081141e+00 1.061594645250249336e+01
1.091091091091091148e+00 1.047416547415864940e+01
1.101101101101101154e+00 1.033335290616527580e+01
1.111111111111111160e+00 1.019350925739823666e+01
1.121121121121121167e+00 1.005463503673339964e+01
1.131131131131131173e+00 9.916730753046630653e+00
1.141141141141141180e+00 9.779796915213795572e+00
1.151151151151151186e+00 9.643834032110760290e+00
1.161161161161161193e+00 9.508842612613388923e+00
1.171171171171171199e+00 9.374823165597550911e+00
1.181181181181181206e+00 9.241776199939112146e+00
1.191191191191191212e+00 9.109702224513936741e+00
1.201201201201201219e+00 8.978601748197892363e+00
1.211211211211211225e+00 8.848475279866844900e+00
1.221221221221221231e+00 8.719323328396660244e+00
1.231231231231231238e+00 8.591146402663204285e+00
1.241241241241241244e+00 8.463945011542344687e+00
1.251251251251251251e+00 8.337719663909943790e+00
1.261261261261261257e+00 8.212470868641872812e+00
1.271271271271271264e+00 8.088199134613995867e+00
1.281281281281281270e+00 7.964904970702178844e+00
1.291291291291291277e+00 7.842588885782287633e+00
1.301301301301301283e+00 7.721251388730187237e+00
1.311311311311311290e+00 7.600892988421746210e+00
1.321321321321321296e+00 7.481514193732830442e+00
1.331331331331331302e+00 7.363115513539304935e+00
1.341341341341341309e+00 7.245697456717036467e+00
1.351351351351351315e+00 7.129260532141890039e+00
1.361361361361361322e+00 7.013805248689733318e+00
1.371371371371371328e+00 6.899332115236432195e+00
1.381381381381381335e+00 6.785841640657850782e+00
1.391391391391391341e+00 6.673334333829858522e+00
1.401401401401401348e+00 6.561810703628320418e+00
1.411411411411411354e+00 6.451271258929102359e+00
1.421421421421421361e+00 6.341716508608070235e+00
1.431431431431431367e+00 6.233146961541089048e+00
1.441441441441441373e+00 6.125563126604027353e+00
1.451451451451451380e+00 6.018965512672750151e+00
1.461461461461461386e+00 5.913354628623123332e+00
1.471471471471471393e+00 5.808730983331013675e+00
1.481481481481481399e+00 5.705095085672287070e+00
1.491491491491491406e+00 5.602447444522810294e+00
1.501501501501501412e+00 5.500788568758447461e+00
1.511511511511511419e+00 5.400118967255067126e+00
1.521521521521521425e+00 5.300439148888534291e+00
1.531531531531531432e+00 5.201749622534714845e+00
1.541541541541541438e+00 5.104050897069476456e+00
1.551551551551551444e+00 5.007343481368682347e+00
1.561561561561561451e+00 4.911627884308202852e+00
1.571571571571571457e+00 4.816904614763900305e+00
1.581581581581581464e+00 4.723174181611642375e+00
1.591591591591591470e+00 4.630437093727295839e+00
1.601601601601601477e+00 4.538693859986724810e+00
1.611611611611611705e+00 4.447944989265796956e+00
1.621621621621621712e+00 4.358190990440379053e+00
1.631631631631631718e+00 4.269432372386336105e+00
1.641641641641641725e+00 4.181669643979534889e+00
1.651651651651651731e+00 4.094903314095842184e+00
1.661661661661661737e+00 4.009133891611122991e+00
1.671671671671671744e+00 3.924361885401243644e+00
1.681681681681681750e+00 3.840587804342068701e+00
1.691691691691691757e+00 3.757812157309468049e+00
1.701701701701701763e+00 3.676035453179305801e+00
1.711711711711711770e+00 3.595258200827448292e+00
1.721721721721721776e+00 3.515480909129760967e+00
1.731731731731731783e+00 3.436704086962111049e+00
1.741741741741741789e+00 3.358928243200364427e+00
1.751751751751751796e+00 3.282153886720386993e+00
1.761761761761761802e+00 3.206381526398045079e+00
1.771771771771771808e+00 3.131611671109204575e+00
1.781781781781781815e+00 3.057844829729731817e+00
1.791791791791791821e+00 2.985081511135492693e+00
1.801801801801801828e+00 2.913322224202353983e+00
1.811811811811811834e+00 2.842567477806181131e+00
1.821821821821821841e+00 2.772817780822841360e+00
1.831831831831831847e+00 2.704073642128198784e+00
1.841841841841841854e+00 2.636335570598121958e+00
1.851851851851851860e+00 2.569604075108475438e+00
1.861861861861861867e+00 2.503879664535126448e+00
1.871871871871871873e+00 2.439162847753939989e+00
1.881881881881881879e+00 2.375454133640783283e+00
1.891891891891891886e+00 2.312754031071521776e+00
1.901901901901901892e+00 2.251063048922021803e+00
1.911911911911911899e+00 2.190381696068149697e+00
1.921921921921921905e+00 2.130710481385771349e+00
1.931931931931931912e+00 2.072049913750753980e+00
1.941941941941941918e+00 2.014400502038961704e+00
1.951951951951951925e+00 1.957762755126262411e+00
1.961961961961961931e+00 1.902137181888521544e+00
1.971971971971971938e+00 1.847524291201605440e+00
1.981981981981981944e+00 1.793924591941380431e+00
1.991991991991991950e+00 1.741338592983711742e+00
2.002002002002002179e+00 1.689766789355916288e+00
2.012012012012012185e+00 1.639206740192923561e+00
2.022022022022022192e+00 1.589649454265978035e+00
2.032032032032032198e+00 1.541085054039188940e+00
2.042042042042042205e+00 1.493503661976665953e+00
2.052052052052052211e+00 1.446895400542517862e+00
2.062062062062062218e+00 1.401250392200854122e+00
2.072072072072072224e+00 1.356558759415784188e+00
2.082082082082082231e+00 1.312810624651417069e+00
2.092092092092092237e+00 1.269996110371861997e+00
2.102102102102102243e+00 1.228105339041228872e+00
2.112112112112112250e+00 1.187128433123626703e+00
2.122122122122122256e+00 1.147055515083164057e+00
2.132132132132132263e+00 1.107876707383951276e+00
2.142142142142142269e+00 1.069582132490096704e+00
2.152152152152152276e+00 1.032161912865710462e+00
2.162162162162162282e+00 9.956061709749013389e-01
2.172172172172172289e+00 9.599050292817787877e-01
2.182182182182182295e+00 9.250486102504521524e-01
2.192192192192192302e+00 8.910270363450304432e-01
2.202202202202202308e+00 8.578304300296232254e-01
2.212212212212212314e+00 8.254489137683396205e-01
2.222222222222222321e+00 7.938726100252890827e-01
2.232232232232232327e+00 7.630916412645807334e-01
2.242242242242242334e+00 7.330961299503238049e-01
2.252252252252252340e+00 7.038761985466278626e-01
2.262262262262262347e+00 6.754219695176021387e-01
2.272272272272272353e+00 6.477235653273554217e-01
2.282282282282282360e+00 6.207711084399978319e-01
2.292292292292292366e+00 5.945547213196380465e-01
2.302302302302302373e+00 5.690645264303852979e-01
2.312312312312312379e+00 5.442906462363491515e-01
2.322322322322322385e+00 5.202232032016390617e-01
2.332332332332332392e+00 4.968523197903638167e-01
2.342342342342342398e+00 4.741681184666330928e-01
2.352352352352352405e+00 4.521607216945561225e-01
2.362362362362362411e+00 4.308202519382419160e-01
2.372372372372372418e+00 4.101368316618001497e-01
2.382382382382382424e+00 3.901005833293398894e-01
2.392392392392392431e+00 3.707016294049704785e-01
2.402402402402402437e+00 3.519300923528009828e-01
2.412412412412412444e+00 3.337760946369408011e-01
2.422422422422422450e+00 3.162297587214998318e-01
2.432432432432432456e+00 2.992812070705863636e-01
2.442442442442442463e+00 2.829205621483101840e-01
2.452452452452452469e+00 2.671379464187808583e-01
2.462462462462462476e+00 2.519234823461071748e-01
2.472472472472472482e+00 2.372672923943983103e-01
2.482482482482482489e+00 2.231594990277644408e-01
2.492492492492492495e+00 2.095902247103137161e-01
2.502502502502502502e+00 1.965495919061561181e-01
2.512512512512512508e+00 1.840277230794009622e-01
2.522522522522522515e+00 1.720147406941572310e-01
2.532532532532532521e+00 1.605007672145341013e-01
2.542542542542542527e+00 1.494759251046416382e-01
2.552552552552552534e+00 1.389303368285880746e-01
2.562562562562562540e+00 1.288541248504830872e-01
2.572572572572572547e+00 1.192374116344369073e-01
2.582582582582582553e+00 1.100703196445570464e-01
2.592592592592592560e+00 1.013429713449540692e-01
2.602602602602602566e+00 9.304548919973709697e-02
2.612612612612612573e+00 8.516799567301491791e-02
2.622622622622622579e+00 7.770061322889715294e-02
2.632632632632632586e+00 7.063346433149353398e-02
2.642642642642642592e+00 6.395667144491262723e-02
2.652652652652652598e+00 5.766035703326377604e-02
2.662662662662662605e+00 5.173464356065665681e-02
2.672672672672672611e+00 4.616965349120033535e-02
2.682682682682682618e+00 4.095550928900393295e-02
2.692692692692692624e+00 3.608233341817757012e-02
2.702702702702702631e+00 3.154024834282909140e-02
2.712712712712712637e+00 2.731937652706872832e-02
2.722722722722722644e+00 2.340984043500604628e-02
2.732732732732732650e+00 1.980176253075027759e-02
2.742742742742742657e+00 1.648526527840910028e-02
2.752752752752752663e+00 1.345047114209385608e-02
2.762762762762762669e+00 1.068750258591288915e-02
2.772772772772772676e+00 8.186482073975320795e-03
2.782782782782782682e+00 5.937532070391049466e-03
2.792792792792792689e+00 3.930775039269529536e-03
2.802802802802802695e+00 2.156333444718883108e-03
2.812812812812812702e+00 6.043297508487865954e-04
2.822822822822822708e+00 -7.351135782301954080e-04
2.832832832832832715e+00 -1.871874078410162845e-03
2.842842842842842721e+00 -2.815829285582438501e-03
2.852852852852852727e+00 -3.576856735635347562e-03
2.862862862862862734e+00 -4.164833964461323035e-03
2.872872872872872740e+00 -4.589638507951576685e-03
2.882882882882882747e+00 -4.861147901995321874e-03
2.892892892892892753e+00 -4.989239682483992411e-03
2.902902902902902760e+00 -4.983791385308133925e-03
2.912912912912912766e+00 -4.854680546358514093e-03
2.922922922922922773e+00 -4.611784701526566721e-03
2.932932932932932779e+00 -4.264981386701727217e-03
2.942942942942942786e+00 -3.824148137775651435e-03
2.952952952952952792e+00 -3.299162490638885004e-03
2.962962962962962798e+00 -2.699901981182639688e-03
2.972972972972972805e+00 -2.036244145295906804e-03
2.982982982982982811e+00 -1.318066518869454029e-03
2.992992992992992818e+00 -5.552466377973797051e-04
3.003003003003002824e+00 2.423820166178041900e-04
3.013013013013012831e+00 1.068394482601112139e-03
3.023023023023022837e+00 1.922143475575557089e-03
3.033033033033032844e+00 2.803541367354501525e-03
3.043043043043042850e+00 3.712500529751308447e-03
3.053053053053052857e+00 4.648933334579340854e-03
3.063063063063062863e+00 5.612752153651961312e-03
3.073073073073072869e+00 6.603869358782533255e-03
3.083083083083082876e+00 7.622197321784417515e-03
3.093093093093092882e+00 8.667648414470980126e-03
3.103103103103102889e+00 9.740135008655578450e-03
3.113113113113112895e+00 1.083956947615158199e-02
3.123123123123122902e+00 1.196586418877235158e-02
3.133133133133132908e+00 1.311893151833124632e-02
3.143143143143142915e+00 1.429868383664163398e-02
3.153153153153152921e+00 1.550503351551687364e-02
3.163163163163162928e+00 1.673789292677033136e-02
3.173173173173172934e+00 1.799717444221536622e-02
3.183183183183182940e+00 1.928279043366534426e-02
3.193193193193192947e+00 2.059465327293362805e-02
3.203203203203202953e+00 2.193267533183357668e-02
3.213213213213213404e+00 2.329676898217861863e-02
3.223223223223223410e+00 2.468684659578199506e-02
3.233233233233233417e+00 2.610282054445712402e-02
3.243243243243243423e+00 2.754460320001737503e-02
3.253253253253253430e+00 2.901210693427610718e-02
3.263263263263263436e+00 3.050524411904667957e-02
3.273273273273273443e+00 3.202392712614247211e-02
3.283283283283283449e+00 3.356806832737681962e-02
3.293293293293293456e+00 3.513758009456310893e-02
3.303303303303303462e+00 3.673237479951468876e-02
3.313313313313313468e+00 3.835236481404493553e-02
3.323323323323323475e+00 3.999746250996719099e-02
3.333333333333333481e+00 4.166758025909483854e-02
3.343343343343343488e+00 4.336263043324123378e-02
3.353353353353353494e+00 4.508252540421973931e-02
3.363363363363363501e+00 4.682717754384371073e-02
3.373373373373373507e+00 4.859649922392652449e-02
3.383383383383383514e+00 5.039040281628153622e-02
3.393393393393393520e+00 5.220880069272210849e-02
3.403403403403403527e+00 5.405160522506160387e-02
3.413413413413413533e+00 5.591872878511339184e-02
3.423423423423423539e+00 5.781008374469082112e-02
3.433433433433433546e+00 5.972558247560726813e-02
3.443443443443443552e+00 6.166513734967608851e-02
3.453453453453453559e+00 6.362866073871065176e-02
3.463463463463463565e+00 6.561606501452431350e-02
3.473473473473473572e+00 6.762726254893043631e-02
3.483483483483483578e+00 6.966216571374238276e-02
3.493493493493493585e+00 7.172068688077352927e-02
3.503503503503503591e+00 7.380273842183722455e-02
3.513513513513513598e+00 7.590823270874681727e-02
3.523523523523523604e+00 7.803708211331571165e-02
3.533533533533533610e+00 8.018919900735724249e-02
3.543543543543543617e+00 8.236449576268475847e-02
3.553553553553553623e+00 8.456288475111166381e-02
3.563563563563563630e+00 8.678427834445127942e-02
3.573573573573573636e+00 8.902858891451699563e-02
3.583583583583583643e+00 9.129572883312217502e-02
3.593593593593593649e+00 9.358561047208016626e-02
3.603603603603603656e+00 9.589814620320433192e-02
3.613613613613613662e+00 9.823324839830804844e-02
3.623623623623623669e+00 1.005908294292046506e-01
3.633633633633633675e+00 1.029708016677075566e-01
3.643643643643643681e+00 1.053730774856300734e-01
3.653653653653653688e+00 1.077975692547855774e-01
3.663663663663663694e+00 1.102441893469874590e-01
3.673673673673673701e+00 1.127128501340490530e-01
3.683683683683683707e+00 1.152034639877837219e-01
3.693693693693693714e+00 1.177159432800048561e-01
3.703703703703703720e+00 1.202502003825257904e-01
3.713713713713713727e+00 1.228061476671599012e-01
3.723723723723723733e+00 1.253836975057205372e-01
3.733733733733733740e+00 1.279827622700210332e-01
3.743743743743743746e+00 1.306032543318748351e-01
3.753753753753753752e+00 1.332450860630952638e-01
3.763763763763763759e+00 1.359081698354956680e-01
3.773773773773773765e+00 1.385924180208894241e-01
3.783783783783783772e+00 1.412977429910898808e-01
3.793793793793793778e+00 1.440240571179103868e-01
3.803803803803803785e+00 1.467712727731643740e-01
3.813813813813813791e+00 1.495393023286651635e-01
3.823823823823823798e+00 1.523280581562261038e-01
3.833833833833833804e+00 1.551374526276605714e-01
3.843843843843843811e+00 1.579673981147819151e-01
3.853853853853853817e+00 1.608178069894035112e-01
3.863863863863863823e+00 1.636885916233387084e-01
3.873873873873873830e+00 1.665796643884009387e-01
3.883883883883883836e+00 1.694909376564034675e-01
3.893893893893893843e+00 1.724223237991596713e-01
3.903903903903903849e+00 1.753737351884829543e-01
3.913913913913913856e+00 1.783450841961866928e-01
3.923923923923923862e+00 1.813362831940842079e-01
3.933933933933933869e+00 1.843472445539889037e-01
3.943943943943943875e+00 1.873778806477140735e-01
3.953953953953953881e+00 1.904281038470731491e-01
3.963963963963963888e+00 1.934978265238794237e-01
3.973973973973973894e+00 1.965869610499463294e-01
3.983983983983983901e+00 1.996954197970872424e-01
3.993993993993993907e+00 2.028231151371154284e-01
4.004004004004004358e+00 2.059699594418444857e-01
4.014014014014014364e+00 2.091358650830874577e-01
4.024024024024024371e+00 2.123207444326578597e-01
4.034034034034034377e+00 2.155245098623689848e-01
4.044044044044044384e+00 2.187470737440342927e-01
4.054054054054054390e+00 2.219883484494671044e-01
4.064064064064064397e+00 2.252482463504808241e-01
4.074074074074074403e+00 2.285266798188887172e-01
4.084084084084084409e+00 2.318235612265042711e-01
4.094094094094094416e+00 2.351388029451406958e-01
4.104104104104104422e+00 2.384723173466115065e-01
4.114114114114114429e+00 2.418240168027299408e-01
4.124124124124124435e+00 2.451938136853095140e-01
4.134134134134134442e+00 2.485816203661634638e-01
4.144144144144144448e+00 2.519873492171051388e-01
4.154154154154154455e+00 2.554109126099479710e-01
4.164164164164164461e+00 2.588522229165053368e-01
4.174174174174174468e+00 2.623111925085905849e-01
4.184184184184184474e+00 2.657877337580170085e-01
4.194194194194194480e+00 2.692817590365980118e-01
4.204204204204204487e+00 2.727931807161469435e-01
4.214214214214214493e+00 2.763219111684772078e-01
4.224224224224224500e+00 2.798678627654022089e-01
4.234234234234234506e+00 2.834309478787351844e-01
4.244244244244244513e+00 2.870110788802895940e-01
4.254254254254254519e+00 2.906081681418787310e-01
4.264264264264264526e+00 2.942221280353160551e-01
4.274274274274274532e+00 2.978528709324148038e-01
4.284284284284284539e+00 3.015003092049883815e-01
4.294294294294294545e+00 3.051643552248502478e-01
4.304304304304304551e+00 3.088449213638136959e-01
4.314314314314314558e+00 3.125419199936920189e-01
4.324324324324324564e+00 3.162552634862986767e-01
4.334334334334334571e+00 3.199848642134470178e-01
4.344344344344344577e+00 3.237306345469504465e-01
4.354354354354354584e+00 3.274924868586221449e-01
4.364364364364364590e+00 3.312703335202756838e-01
4.374374374374374597e+00 3.350640869037242453e-01
4.384384384384384603e+00 3.388736593807813446e-01
4.394394394394394610e+00 3.426989633232603305e-01
4.404404404404404616e+00 3.465399111029744961e-01
4.414414414414414622e+00 3.503964150917372455e-01
4.424424424424424629e+00 3.542683876613618166e-01
4.434434434434434635e+00 3.581557411836618354e-01
4.444444444444444642e+00 3.620583880304503732e-01
4.454454454454454648e+00 3.659762405735410562e-01
4.464464464464464655e+00 3.699092111847470665e-01
4.474474474474474661e+00 3.738572122358818639e-01
4.484484484484484668e+00 3.778201560987587415e-01
4.494494494494494674e+00 3.817979551451909370e-01
4.504504504504504681e+00 3.857905217469921877e-01
4.514514514514514687e+00 3.897977682759756202e-01
4.524524524524524693e+00 3.938196071039545276e-01
4.534534534534534700e+00 3.978559506027423698e-01
4.544544544544544706e+00 4.019067111441524398e-01
4.554554554554554713e+00 4.059718010999983084e-01
4.564564564564564719e+00 4.100511328420929913e-01
4.574574574574574726e+00 4.141446187422502812e-01
4.584584584584584732e+00 4.182521711722831381e-01
4.594594594594594739e+00 4.223737025040051885e-01
4.604604604604604745e+00 4.265091251092296698e-01
4.614614614614614752e+00 4.306583513597699309e-01
4.624624624624624758e+00 4.348212936274394869e-01
4.634634634634634764e+00 4.389978642840514089e-01
4.644644644644644771e+00 4.431879757014193788e-01
4.654654654654654777e+00 4.473915402513565787e-01
4.664664664664664784e+00 4.516084703056765237e-01
4.674674674674674790e+00 4.558386782361923961e-01
4.684684684684684797e+00 4.600820764147176556e-01
4.694694694694694803e+00 4.643385772130655953e-01
4.704704704704704810e+00 4.686080930030496194e-01
4.714714714714714816e+00 4.728905361564831322e-01
4.724724724724724823e+00 4.771858190451794823e-01
4.734734734734734829e+00 4.814938540409520740e-01
4.744744744744744835e+00 4.858145535156141448e-01
4.754754754754754842e+00 4.901478298409790435e-01
4.764764764764764848e+00 4.944935953888602298e-01
4.774774774774774855e+00 4.988517625310710524e-01
4.784784784784784861e+00 5.032222436394249154e-01
4.794794794794794868e+00 5.076049510857352232e-01
4.804804804804804874e+00 5.119997972418151022e-01
4.814814814814814881e+00 5.164066944794779568e-01
4.824824824824824887e+00 5.208255551705374131e-01
4.834834834834834894e+00 5.252562916868067644e-01
4.844844844844844900e+00 5.296988164000990817e-01
4.854854854854854906e+00 5.341530416822281024e-01
4.864864864864864913e+00 5.386188799050068976e-01
4.874874874874874919e+00 5.430962434402490935e-01
4.884884884884884926e+00 5.475850446597678722e-01
4.894894894894894932e+00 5.520851959353765270e-01
4.904904904904904939e+00 5.565966096388885731e-01
4.914914914914914945e+00 5.611191981421174146e-01
4.924924924924924952e+00 5.656528738168762338e-01
4.934934934934934958e+00 5.701975490349784348e-01
4.944944944944944965e+00 5.747531361682376438e-01
4.954954954954954971e+00 5.793195475884669321e-01
4.964964964964964977e+00 5.838966956674795927e-01
4.974974974974974984e+00 5.884844927770892520e-01
4.984984984984984990e+00 5.930828512891092030e-01
4.994994994994994997e+00 5.976916835753527391e-01
5.005005005005005003e+00 6.023109018059928932e-01
5.015015015015015010e+00 6.069404135134751632e-01
5.025025025025025016e+00 6.115801215925171785e-01
5.035035035035035023e+00 6.162299287361969746e-01
5.045045045045045029e+00 6.208897376375915877e-01
5.055055055055055035e+00 6.255594509897787203e-01
5.065065065065065042e+00 6.302389714858357417e-01
5.075075075075075048e+00 6.349282018188404653e-01
5.085085085085085055e+00 6.396270446818701494e-01
5.095095095095095061e+00 6.443354027680022744e-01
5.105105105105105068e+00 6.490531787703146538e-01
5.115115115115115074e+00 6.537802753818846568e-01
5.125125125125125081e+00 6.585165952957897639e-01
5.135135135135135087e+00 6.632620412051073444e-01
5.145145145145145094e+00 6.680165158029153227e-01
5.155155155155155100e+00 6.727799217822908462e-01
5.165165165165165106e+00 6.775521618363116172e-01
5.175175175175175113e+00 6.823331386580550051e-01
5.185185185185185119e+00 6.871227549405989343e-01
5.195195195195195126e+00 6.919209133770202191e-01
5.205205205205205132e+00 6.967275166603970060e-01
5.215215215215215139e+00 7.015424674838064423e-01
5.225225225225225145e+00 7.063656685403262303e-01
5.235235235235235152e+00 7.111970225230340725e-01
5.245245245245245158e+00 7.160364321250068942e-01
5.255255255255255165e+00 7.208838000393228418e-01
5.265265265265265171e+00 7.257390289590590626e-01
5.275275275275275177e+00 7.306020215772933701e-01
5.285285285285285184e+00 7.354726805871028006e-01
5.295295295295295190e+00 7.403509086815655005e-01
5.305305305305305197e+00 7.452366085537583951e-01
5.315315315315315203e+00 7.501296828967594088e-01
5.325325325325325210e+00 7.550300344036459110e-01
5.335335335335335216e+00 7.599375657674953821e-01
5.345345345345345223e+00 7.648521796813854134e-01
5.355355355355355229e+00 7.697737788383933744e-01
5.365365365365365236e+00 7.747022659315970783e-01
5.375375375375375242e+00 7.796375436540738946e-01
5.385385385385385248e+00 7.845795146989011926e-01
5.395395395395395255e+00 7.895280817591566747e-01
5.405405405405405261e+00 7.944831475279178212e-01
5.415415415415415268e+00 7.994446146982620016e-01
5.425425425425425274e+00 8.044123859632670293e-01
5.435435435435435281e+00 8.093863640160102735e-01
5.445445445445445287e+00 8.143664515495692147e-01
5.455455455455455294e+00 8.193525512570213332e-01
5.465465465465465300e+00 8.243445658314442204e-01
5.475475475475475307e+00 8.293423979659153567e-01
5.485485485485485313e+00 8.343459503535124444e-01
5.495495495495495319e+00 8.393551256873127420e-01
5.505505505505505326e+00 8.443698266603939517e-01
5.515515515515515332e+00 8.493899559658334431e-01
5.525525525525525339e+00 8.544154162967086963e-01
5.535535535535535345e+00 8.594461103460975249e-01
5.545545545545545352e+00 8.644819408070772981e-01
5.555555555555555358e+00 8.695228103727253854e-01
5.565565565565565365e+00 8.745686217361193782e-01
5.575575575575575371e+00 8.796192775903368677e-01
5.585585585585585378e+00 8.846746806284554454e-01
5.595595595595595384e+00 8.897347335435524807e-01
5.605605605605605390e+00 8.947993390287055648e-01
5.615615615615615397e+00 8.998683997769919563e-01
5.625625625625625403e+00 9.049418184814896904e-01
5.635635635635635410e+00 9.100194978352760256e-01
5.645645645645645416e+00 9.151013405314282201e-01
5.655655655655655423e+00 9.201872492630241984e-01
5.665665665665665429e+00 9.252771267231412189e-01
5.675675675675675436e+00 9.303708756048570949e-01
5.685685685685685442e+00 9.354683986012489738e-01
5.695695695695695449e+00 9.405695984053944469e-01
5.705705705705705455e+00 9.456743777103713278e-01
5.715715715715715461e+00 9.507826392092568746e-01
5.725725725725725468e+00 9.558942855951286788e-01
5.735735735735735474e+00 9.610092195610642207e-01
5.745745745745745481e+00 9.661273438001409808e-01
5.755755755755755487e+00 9.712485610054366614e-01
5.765765765765765494e+00 9.763727738700287428e-01
5.775775775775775500e+00 9.814998850869945946e-01
5.785785785785785507e+00 9.866297973494116968e-01
5.795795795795795513e+00 9.917624133503577522e-01
5.805805805805805520e+00 9.968976357829101298e-01
5.815815815815815526e+00 1.002035367340146754e+00
5.825825825825825532e+00 1.007175510715144329e+00
5.835835835835835539e+00 1.012317968600981111e+00
5.845845845845845545e+00 1.017462643690734359e+00
5.855855855855855552e+00 1.022609438677481775e+00
5.865865865865865558e+00 1.027758256254300395e+00
5.875875875875875565e+00 1.032908999114268145e+00
5.885885885885885571e+00 1.038061569950462282e+00
5.895895895895895578e+00 1.043215871455960952e+00
5.905905905905905584e+00 1.048371806323840971e+00
5.915915915915915591e+00 1.053529277247180040e+00
5.925925925925925597e+00 1.058688186919055862e+00
5.935935935935935603e+00 1.063848438032545474e+00
5.945945945945945610e+00 1.069009933280727020e+00
5.955955955955955616e+00 1.074172575356677761e+00
5.965965965965965623e+00 1.079336266953475176e+00
5.975975975975975629e+00 1.084500910764196746e+00
5.985985985985985636e+00 1.089666409481920173e+00
5.995995995995995642e+00 1.094832665799722715e+00
6.006006006006005649e+00 1.099999582410681853e+00
6.016016016016015655e+00 1.105167062007875511e+00
6.026026026026025662e+00 1.110335007284381170e+00
6.036036036036035668e+00 1.115503320933276088e+00
6.046046046046045674e+00 1.120671905647637523e+00
6.056056056056055681e+00 1.125840664120543844e+00
6.066066066066065687e+00 1.131009499045071642e+00
6.076076076076075694e+00 1.136178313114299065e+00
6.086086086086085700e+00 1.141347009021303149e+00
6.096096096096095707e+00 1.146515489459161818e+00
6.106106106106105713e+00 1.151683657120952775e+00
6.116116116116115720e+00 1.156851414699752834e+00
6.126126126126125726e+00 1.162018664888639696e+00
6.136136136136135732e+00 1.167185310380691732e+00
6.146146146146145739e+00 1.172351253868985310e+00
6.156156156156155745e+00 1.177516398046598578e+00
6.166166166166165752e+00 1.182680645606608794e+00
6.176176176176175758e+00 1.187843899242093659e+00
6.186186186186185765e+00 1.193006061646130878e+00
6.196196196196195771e+00 1.198167035511797263e+00
6.206206206206205778e+00 1.203326723532171183e+00
6.216216216216215784e+00 1.208485028400329675e+00
6.226226226226225791e+00 1.213641852809350219e+00
6.236236236236235797e+00 1.218797099452310739e+00
6.246246246246245803e+00 1.223950671022288494e+00
6.256256256256255810e+00 1.229102470212360743e+00
6.266266266266265816e+00 1.234252399715605630e+00
6.276276276276275823e+00 1.239400362225099528e+00
6.286286286286285829e+00 1.244546260433921692e+00
6.296296296296295836e+00 1.249689997035147826e+00
6.306306306306305842e+00 1.254831474721856743e+00
6.316316316316315849e+00 1.259970596187125702e+00
6.326326326326325855e+00 1.265107264124031294e+00
6.336336336336335862e+00 1.270241381225652777e+00
6.346346346346345868e+00 1.275372850185065854e+00
6.356356356356355874e+00 1.280501573695349338e+00
6.366366366366365881e+00 1.285627454449580265e+00
6.376376376376375887e+00 1.290750395140835671e+00
6.386386386386385894e+00 1.295870298462194148e+00
6.396396396396395900e+00 1.300987067106732287e+00
6.406406406406405907e+00 1.306100603767528012e+00
6.416416416416416801e+00 1.311210811137659249e+00
6.426426426426426808e+00 1.316317591910202589e+00
6.436436436436436814e+00 1.321420848778235957e+00
6.446446446446446821e+00 1.326520484434837277e+00
6.456456456456456827e+00 1.331616401573083142e+00
6.466466466466466834e+00 1.336708502886052141e+00
6.476476476476476840e+00 1.341796691066821090e+00
6.486486486486486847e+00 1.346880868808467691e+00
6.496496496496496853e+00 1.351960938804069423e+00
6.506506506506506859e+00 1.357036803746703990e+00
6.516516516516516866e+00 1.362108366329448872e+00
6.526526526526526872e+00 1.367175529245381327e+00
6.536536536536536879e+00 1.372238195187579057e+00
6.546546546546546885e+00 1.377296266849119766e+00
6.556556556556556892e+00 1.382349646923080488e+00
6.566566566566566898e+00 1.387398238102539150e+00
6.576576576576576905e+00 1.392441943080573452e+00
6.586586586586586911e+00 1.397480664550260210e+00
6.596596596596596918e+00 1.402514305204677791e+00
6.606606606606606924e+00 1.407542767736902789e+00
6.616616616616616930e+00 1.412565954840013349e+00
6.626626626626626937e+00 1.417583769207086952e+00
6.636636636636636943e+00 1.422596113531201079e+00
6.646646646646646950e+00 1.427602890505432987e+00
6.656656656656656956e+00 1.432604002822860378e+00
6.666666666666666963e+00 1.437599353176560957e+00
6.676676676676676969e+00 1.442588844259612202e+00
6.686686686686686976e+00 1.447572378765091150e+00
6.696696696696696982e+00 1.452549859386075726e+00
6.706706706706706989e+00 1.457521188815643853e+00
6.716716716716716995e+00 1.462486269746871681e+00
6.726726726726727001e+00 1.467445004872838465e+00
6.736736736736737008e+00 1.472397296886620577e+00
6.746746746746747014e+00 1.477343048481295718e+00
6.756756756756757021e+00 1.482282162349942034e+00
6.766766766766767027e+00 1.487214541185636119e+00
6.776776776776777034e+00 1.492140087681455896e+00
6.786786786786787040e+00 1.497058704530478845e+00
6.796796796796797047e+00 1.501970294425782670e+00
6.806806806806807053e+00 1.506874760060445073e+00
6.816816816816817060e+00 1.511772004127543090e+00
6.826826826826827066e+00 1.516661929320154201e+00
6.836836836836837072e+00 1.521544438331356552e+00
6.846846846846847079e+00 1.526419433854226515e+00
6.856856856856857085e+00 1.531286818581843345e+00
6.866866866866867092e+00 1.536146495207282747e+00
6.876876876876877098e+00 1.540998366423623533e+00
6.886886886886887105e+00 1.545842334923942740e+00
6.896896896896897111e+00 1.550678303401317404e+00
6.906906906906907118e+00 1.555506174548825893e+00
6.916916916916917124e+00 1.560325851059545244e+00
6.926926926926927131e+00 1.565137235626553158e+00
6.936936936936937137e+00 1.569940230942927339e+00
6.946946946946947143e+00 1.574734739701744823e+00
6.956956956956957150e+00 1.579520664596083313e+00
6.966966966966967156e+00 1.584297908319020731e+00
6.976976976976977163e+00 1.589066373563633450e+00
6.986986986986987169e+00 1.593825963023000503e+00
6.996996996996997176e+00 1.598576579390198482e+00
7.007007007007007182e+00 1.603318132378949157e+00
7.017017017017017189e+00 1.608050604181397114e+00
7.027027027027027195e+00 1.612774019748069554e+00
7.037037037037037202e+00 1.617488404582138717e+00
7.047047047047047208e+00 1.622193784186776178e+00
7.057057057057057214e+00 1.626890184065154177e+00
7.067067067067067221e+00 1.631577629720444955e+00
7.077077077077077227e+00 1.636256146655820309e+00
7.087087087087087234e+00 1.640925760374452480e+00
7.097097097097097240e+00 1.645586496379513042e+00
7.107107107107107247e+00 1.650238380174174901e+00
7.117117117117117253e+00 1.654881437261609634e+00
7.127127127127127260e+00 1.659515693144989257e+00
7.137137137137137266e+00 1.664141173327485790e+00
7.147147147147147273e+00 1.668757903312271473e+00
7.157157157157157279e+00 1.673365908602518326e+00
7.167167167167167285e+00 1.677965214701398367e+00
7.177177177177177292e+00 1.682555847112083391e+00
7.187187187187187298e+00 1.687137831337746086e+00
7.197197197197197305e+00 1.691711192881557801e+00
7.207207207207207311e+00 1.696275957246691002e+00
7.217217217217217318e+00 1.700832149936317705e+00
7.227227227227227324e+00 1.705379796453609709e+00
7.237237237237237331e+00 1.709918922301739697e+00
7.247247247247247337e+00 1.714449552983878799e+00
7.257257257257257343e+00 1.718971714003199924e+00
7.267267267267267350e+00 1.723485430862874646e+00
7.277277277277277356e+00 1.727990729066075426e+00
7.287287287287287363e+00 1.732487634115973840e+00
7.297297297297297369e+00 1.736976171515742129e+00
7.307307307307307376e+00 1.741456366768552311e+00
7.317317317317317382e+00 1.745928245377576626e+00
7.327327327327327389e+00 1.750391832845986873e+00
7.337337337337337395e+00 1.754847154676955290e+00
7.347347347347347402e+00 1.759294236373653897e+00
7.357357357357357408e+00 1.763733103439254712e+00
7.367367367367367414e+00 1.768163781376929755e+00
7.377377377377377421e+00 1.772586295689851266e+00
7.387387387387387427e+00 1.777000671881191041e+00
7.397397397397397434e+00 1.781406935454121543e+00
7.407407407407407440e+00 1.785805111911813903e+00
7.417417417417417447e+00 1.790195226757441471e+00
7.427427427427427453e+00 1.794577305494175601e+00
7.437437437437437460e+00 1.798951373625188088e+00
7.447447447447447466e+00 1.803317456653651396e+00
7.457457457457457473e+00 1.807675580082737765e+00
7.467467467467467479e+00 1.812025769415618770e+00
7.477477477477477485e+00 1.816368050155466429e+00
7.487487487487487492e+00 1.820702447805453206e+00
7.497497497497497498e+00 1.825028987868751118e+00
7.507507507507507505e+00 1.829347695848532185e+00
7.517517517517517511e+00 1.833658597247967981e+00
7.527527527527527518e+00 1.837961717570231190e+00
7.537537537537537524e+00 1.842257082318493389e+00
7.547547547547547531e+00 1.846544716995927260e+00
7.557557557557557537e+00 1.850824647105704157e+00
7.567567567567567544e+00 1.855096898150996543e+00
7.577577577577577550e+00 1.859361495634976436e+00
7.587587587587587556e+00 1.863618465060815632e+00
7.597597597597597563e+00 1.867867831931686373e+00
7.607607607607607569e+00 1.872109621750761121e+00
7.617617617617617576e+00 1.876343860021211229e+00
7.627627627627627582e+00 1.880570572246209160e+00
7.637637637637637589e+00 1.884789783928926932e+00
7.647647647647647595e+00 1.889001520572536341e+00
7.657657657657657602e+00 1.893205807680209629e+00
7.667667667667667608e+00 1.897402670755119258e+00
7.677677677677677615e+00 1.901592135300436137e+00
7.687687687687687621e+00 1.905774226819333617e+00
7.697697697697697627e+00 1.909948970814983271e+00
7.707707707707707634e+00 1.914116392790557120e+00
7.717717717717717640e+00 1.918276518249226958e+00
7.727727727727727647e+00 1.922429372694164806e+00
7.737737737737737653e+00 1.926574981628543348e+00
7.747747747747747660e+00 1.930713370555534381e+00
7.757757757757757666e+00 1.934844564978309478e+00
7.767767767767767673e+00 1.938968590400041325e+00
7.777777777777777679e+00 1.943085472323901719e+00
7.787787787787787686e+00 1.947195236253062456e+00
7.797797797797797692e+00 1.951297907690696221e+00
7.807807807807807698e+00 1.955393512139974588e+00
7.817817817817817705e+00 1.959482075104069576e+00
7.827827827827827711e+00 1.963563622086153648e+00
7.837837837837837718e+00 1.967638178589398379e+00
7.847847847847847724e+00 1.971705770116976009e+00
7.857857857857857731e+00 1.975766422172059000e+00
7.867867867867867737e+00 1.979820160257818706e+00
7.877877877877877744e+00 1.983867009877427812e+00
7.887887887887887750e+00 1.987906996534057669e+00
7.897897897897897757e+00 1.991940145730880962e+00
7.907907907907907763e+00 1.995966482971069711e+00
7.917917917917917769e+00 1.999986033757795489e+00
7.927927927927927776e+00 2.003998823594231204e+00
7.937937937937937782e+00 2.008004877983547765e+00
7.947947947947947789e+00 2.012004222428917188e+00
7.957957957957957795e+00 2.015996882433513271e+00
7.967967967967967802e+00 2.019982883500506698e+00
7.977977977977977808e+00 2.023962251133069490e+00
7.987987987987987815e+00 2.027935010834374552e+00
7.997997997997997821e+00 2.031901188107593015e+00
8.008008008008008716e+00 2.035860808455897786e+00
8.018018018018018722e+00 2.039813897382459995e+00
8.028028028028028729e+00 2.043760480390451661e+00
8.038038038038038735e+00 2.047700582983046136e+00
8.048048048048048742e+00 2.051634230663414549e+00
8.058058058058058748e+00 2.055561448934728475e+00
8.068068068068068754e+00 2.059482263300161264e+00
8.078078078078078761e+00 2.063396699262883605e+00
8.088088088088088767e+00 2.067304782326068402e+00
8.098098098098098774e+00 2.071206537992888119e+00
8.108108108108108780e+00 2.075101991766513443e+00
8.118118118118118787e+00 2.078991169150117280e+00
8.128128128128128793e+00 2.082874095646872092e+00
8.138138138138138800e+00 2.086750796759948567e+00
8.148148148148148806e+00 2.090621297992520500e+00
8.158158158158158813e+00 2.094485624847759020e+00
8.168168168168168819e+00 2.098343802828836147e+00
8.178178178178178825e+00 2.102195857438923898e+00
8.188188188188188832e+00 2.106041814181194294e+00
8.198198198198198838e+00 2.109881698558820240e+00
8.208208208208208845e+00 2.113715536074972423e+00
8.218218218218218851e+00 2.117543352232823306e+00
8.228228228228228858e+00 2.121365172535546240e+00
8.238238238238238864e+00 2.125181022486311466e+00
8.248248248248248871e+00 2.128990927588292337e+00
8.258258258258258877e+00 2.132794913344660870e+00
8.268268268268268884e+00 2.136593005258587752e+00
8.278278278278278890e+00 2.140385228833245890e+00
8.288288288288288896e+00 2.144171609571808190e+00
8.298298298298298903e+00 2.147952172977444896e+00
8.308308308308308909e+00 2.151726944553329801e+00
8.318318318318318916e+00 2.155495949802634037e+00
8.328328328328328922e+00 2.159259214228530066e+00
8.338338338338338929e+00 2.163016763334189907e+00
8.348348348348348935e+00 2.166768622622785134e+00
8.358358358358358942e+00 2.170514817597488655e+00
8.368368368368368948e+00 2.174255373761471155e+00
8.378378378378378954e+00 2.177990316617905542e+00
8.388388388388388961e+00 2.181719671669964722e+00
8.398398398398398967e+00 2.185443464420818938e+00
8.408408408408408974e+00 2.189161720373641540e+00
8.418418418418418980e+00 2.192874465031604547e+00
8.428428428428428987e+00 2.196581723897879534e+00
8.438438438438438993e+00 2.200283522475638076e+00
8.448448448448449000e+00 2.203979886268053967e+00
8.458458458458459006e+00 2.207670840778297894e+00
8.468468468468469013e+00 2.211356411509541431e+00
8.478478478478479019e+00 2.215036623964957929e+00
8.488488488488489025e+00 2.218711503647718963e+00
8.498498498498499032e+00 2.222381076060996108e+00
8.508508508508509038e+00 2.226045366707962714e+00
8.518518518518519045e+00 2.229704401091789467e+00
8.528528528528529051e+00 2.233358204715649276e+00
8.538538538538539058e+00 2.237006803082712825e+00
8.548548548548549064e+00 2.240650221696154354e+00
8.558558558558559071e+00 2.244288486059144105e+00
8.568568568568569077e+00 2.247921621674854986e+00
8.578578578578579084e+00 2.251549654046458571e+00
8.588588588588589090e+00 2.255172608677127322e+00
8.598598598598599096e+00 2.258790511070033258e+00
8.608608608608609103e+00 2.262403386728348842e+00
8.618618618618619109e+00 2.266011261155244760e+00
8.628628628628629116e+00 2.269614159853894364e+00
8.638638638638639122e+00 2.273212108327469227e+00
8.648648648648649129e+00 2.276805132079141369e+00
8.658658658658659135e+00 2.280393256612082364e+00
8.668668668668669142e+00 2.283976507429466007e+00
8.678678678678679148e+00 2.287554910034462541e+00
8.688688688688689155e+00 2.291128489930245316e+00
8.698698698698699161e+00 2.294697272619984574e+00
8.708708708708709167e+00 2.298261283606854555e+00
8.718718718718719174e+00 2.301820548394025945e+00
8.728728728728729180e+00 2.305375092484670319e+00
8.738738738738739187e+00 2.308924941381961915e+00
8.748748748748749193e+00 2.312470120589070532e+00
8.758758758758759200e+00 2.316010655609169078e+00
8.768768768768769206e+00 2.319546571945430458e+00
8.778778778778779213e+00 2.323077895101024914e+00
8.788788788788789219e+00 2.326604650579126243e+00
8.798798798798799226e+00 2.330126863882906019e+00
8.808808808808809232e+00 2.333644560515534927e+00
8.818818818818819238e+00 2.337157765980187207e+00
8.828828828828829245e+00 2.340666505780033546e+00
8.838838838838839251e+00 2.344170805418245962e+00
8.848848848848849258e+00 2.347670690397996918e+00
8.858858858858859264e+00 2.351166186222459320e+00
8.868868868868869271e+00 2.354657318394803411e+00
8.878878878878879277e+00 2.358144112418202543e+00
8.888888888888889284e+00 2.361626593795827844e+00
8.898898898898899290e+00 2.365104788030852667e+00
8.908908908908909297e+00 2.368578720626447254e+00
8.918918918918919303e+00 2.372048417085784955e+00
8.928928928928929309e+00 2.375513902912038233e+00
8.938938938938939316e+00 2.378975203608378219e+00
8.948948948948949322e+00 2.382432344677976488e+00
8.958958958958959329e+00 2.385885351624007278e+00
8.968968968968969335e+00 2.389334249949640387e+00
8.978978978978979342e+00 2.392779065158048279e+00
8.988988988988989348e+00 2.396219822752403861e+00
8.998998998998999355e+00 2.399656548235878706e+00
9.009009009009009361e+00 2.403089263441259060e+00
9.019019019019019368e+00 2.406517970349023816e+00
9.029029029029029374e+00 2.409942664258442946e+00
9.039039039039039380e+00 2.413363340463749118e+00
9.049049049049049387e+00 2.416779994259177666e+00
9.059059059059059393e+00 2.420192620938962591e+00
9.069069069069069400e+00 2.423601215797338781e+00
9.079079079079079406e+00 2.427005774128538906e+00
9.089089089089089413e+00 2.430406291226799187e+00
9.099099099099099419e+00 2.433802762386352736e+00
9.109109109109109426e+00 2.437195182901433999e+00
9.119119119119119432e+00 2.440583548066276975e+00
9.129129129129129439e+00 2.443967853175116112e+00
9.139139139139139445e+00 2.447348093522186296e+00
9.149149149149149451e+00 2.450724264401721086e+00
9.159159159159159458e+00 2.454096361107954483e+00
9.169169169169169464e+00 2.457464378935121818e+00
9.179179179179179471e+00 2.460828313177456206e+00
9.189189189189189477e+00 2.464188159129192535e+00
9.199199199199199484e+00 2.467543912084565250e+00
9.209209209209209490e+00 2.470895567337807464e+00
9.219219219219219497e+00 2.474243120183154954e+00
9.229229229229229503e+00 2.477586565914841277e+00
9.239239239239239510e+00 2.480925899827100878e+00
9.249249249249249516e+00 2.484261117214167314e+00
9.259259259259259522e+00 2.487592213370276362e+00
9.269269269269269529e+00 2.490919183589660246e+00
9.279279279279279535e+00 2.494242023166554745e+00
9.289289289289289542e+00 2.497560727395193414e+00
9.299299299299299548e+00 2.500875291569811143e+00
9.309309309309309555e+00 2.504185710984641489e+00
9.319319319319319561e+00 2.507491980933919340e+00
9.329329329329329568e+00 2.510794096711878254e+00
9.339339339339339574e+00 2.514092053612753119e+00
9.349349349349349581e+00 2.517385846930777493e+00
9.359359359359359587e+00 2.520675471960186709e+00
9.369369369369369593e+00 2.523960923995214323e+00
9.379379379379379600e+00 2.527242198330094780e+00
9.389389389389389606e+00 2.530519290259061638e+00
9.399399399399399613e+00 2.533792195076350673e+00
9.409409409409409619e+00 2.537060908076194554e+00
9.419419419419419626e+00 2.540325424552828615e+00
9.429429429429429632e+00 2.543585739800486412e+00
9.439439439439439639e+00 2.546841849113402834e+00
9.449449449449449645e+00 2.550093747785811438e+00
9.459459459459459651e+00 2.553341431111947557e+00
9.469469469469469658e+00 2.556584894386043860e+00
9.479479479479479664e+00 2.559824132902336569e+00
9.489489489489489671e+00 2.563059141955057463e+00
9.499499499499499677e+00 2.566289916838443208e+00
9.509509509509509684e+00 2.569516452846726917e+00
9.519519519519519690e+00 2.572738745274143479e+00
9.529529529529529697e+00 2.575956789414926007e+00
9.539539539539539703e+00 2.579170580563309834e+00
9.549549549549549710e+00 2.582380114013528516e+00
9.559559559559559716e+00 2.585585385059816943e+00
9.569569569569569722e+00 2.588786388996408672e+00
9.579579579579579729e+00 2.591983121117539035e+00
9.589589589589589735e+00 2.595175576717440702e+00
9.599599599599599742e+00 2.598363751090349449e+00
9.609609609609609748e+00 2.601547639530498834e+00
9.619619619619619755e+00 2.604727237332122858e+00
9.629629629629629761e+00 2.607902539789456409e+00
9.639639639639639768e+00 2.611073542196733488e+00
9.649649649649649774e+00 2.614240239848188541e+00
9.659659659659659781e+00 2.617402628038055568e+00
9.669669669669669787e+00 2.620560702060568570e+00
9.679679679679679793e+00 2.623714457209962436e+00
9.689689689689689800e+00 2.626863888780470724e+00
9.699699699699699806e+00 2.630008992066328766e+00
9.709709709709709813e+00 2.633149762361769231e+00
9.719719719719719819e+00 2.636286194961028340e+00
9.729729729729729826e+00 2.639418285158338318e+00
9.739739739739739832e+00 2.642546028247934498e+00
9.749749749749749839e+00 2.645669419524051769e+00
9.759759759759759845e+00 2.648788454280923244e+00
9.769769769769769852e+00 2.651903127812783367e+00
9.779779779779779858e+00 2.655013435413867029e+00
9.789789789789789864e+00 2.658119372378407785e+00
9.799799799799799871e+00 2.661220934000640526e+00
9.809809809809809877e+00 2.664318115574798806e+00
9.819819819819819884e+00 2.667410912395117517e+00
9.829829829829829890e+00 2.670499319755830658e+00
9.839839839839839897e+00 2.673583332951172675e+00
9.849849849849849903e+00 2.676662947275377125e+00
9.859859859859859910e+00 2.679738158022679340e+00
9.869869869869869916e+00 2.682808960487312433e+00
9.879879879879879923e+00 2.685875349963512626e+00
9.889889889889889929e+00 2.688937321745511699e+00
9.899899899899899935e+00 2.691994871127545430e+00
9.909909909909909942e+00 2.695047993403846931e+00
9.919919919919919948e+00 2.698096683868651535e+00
9.929929929929929955e+00 2.701140937816193688e+00
9.939939939939939961e+00 2.704180750540707390e+00
9.949949949949949968e+00 2.707216117336425754e+00
9.959959959959959974e+00 2.710247033497584113e+00
9.969969969969969981e+00 2.713273494318417356e+00
9.979979979979979987e+00 2.716295495093158596e+00
9.989989989989989994e+00 2.719313031116041834e+00
1.000000000000000000e+01 2.722326097681301960e+00
1.001001001001001001e+01 2.725334690083173861e+00
1.002002002002002001e+01 2.728338803615891539e+00
1.003003003003003002e+01 2.731338433573687663e+00
1.004004004004004003e+01 2.734333575250798010e+00
1.005005005005005003e+01 2.737324223941457024e+00
1.006006006006006004e+01 2.740310374939898708e+00
1.007007007007007005e+01 2.743292023540355729e+00
1.008008008008008005e+01 2.746269165037064752e+00
1.009009009009009006e+01 2.749241794724258448e+00
1.010010010010010006e+01 2.752209907896172147e+00
1.011011011011011007e+01 2.755173499847039409e+00
1.012012012012012008e+01 2.758132565871094233e+00
1.013013013013013008e+01 2.761087101262571952e+00
1.014014014014014009e+01 2.764037101315705680e+00
1.015015015015015010e+01 2.766982561324730749e+00
1.016016016016016010e+01 2.769923476583879829e+00
1.017017017017017011e+01 2.772859842387389140e+00
1.018018018018018012e+01 2.775791654029491795e+00
1.019019019019019012e+01 2.778718906804421795e+00
1.020020020020020013e+01 2.781641596006414474e+00
1.021021021021021014e+01 2.784559716929703388e+00
1.022022022022022014e+01 2.787473264868522094e+00
1.023023023023023015e+01 2.790382235117106813e+00
1.024024024024024015e+01 2.793286622969689770e+00
1.025025025025025016e+01 2.796186423720506298e+00
1.026026026026026017e+01 2.799081632663790398e+00
1.027027027027027017e+01 2.801972245093776959e+00
1.028028028028028018e+01 2.804858256304699093e+00
1.029029029029029019e+01 2.807739661590791691e+00
1.030030030030030019e+01 2.810616456246288752e+00
1.031031031031031020e+01 2.813488635565425167e+00
1.032032032032032021e+01 2.816356194842434491e+00
1.033033033033033021e+01 2.819219129371551613e+00
1.034034034034034022e+01 2.822077434447010091e+00
1.035035035035035023e+01 2.824931105363044814e+00
1.036036036036036023e+01 2.827780137413889339e+00
1.037037037037037024e+01 2.830624525893778554e+00
1.038038038038038025e+01 2.833464266096946460e+00
1.039039039039039025e+01 2.836299353317627503e+00
1.040040040040040026e+01 2.839129782850055683e+00
1.041041041041041026e+01 2.841955549988465446e+00
1.042042042042042027e+01 2.844776650027090792e+00
1.043043043043043028e+01 2.847593078260166610e+00
1.044044044044044028e+01 2.850404829981926458e+00
1.045045045045045029e+01 2.853211900486604335e+00
1.046046046046046030e+01 2.856014285068435576e+00
1.047047047047047030e+01 2.858811979021654182e+00
1.048048048048048031e+01 2.861604977640493708e+00
1.049049049049049032e+01 2.864393276219189488e+00
1.050050050050050032e+01 2.867176870051973747e+00
1.051051051051051033e+01 2.869955754433083595e+00
1.052052052052052034e+01 2.872729924656750811e+00
1.053053053053053034e+01 2.875499376017211617e+00
1.054054054054054035e+01 2.878264103808698238e+00
1.055055055055055035e+01 2.881024103325446895e+00
1.056056056056056036e+01 2.883779369861690700e+00
1.057057057057057037e+01 2.886529898711663655e+00
1.058058058058058037e+01 2.889275685169601093e+00
1.059059059059059038e+01 2.892016724529736571e+00
1.060060060060060039e+01 2.894753012086304533e+00
1.061061061061061039e+01 2.897484543133539869e+00
1.062062062062062040e+01 2.900211312965674804e+00
1.063063063063063041e+01 2.902933316876946002e+00
1.064064064064064041e+01 2.905650550161586132e+00
1.065065065065065042e+01 2.908363008113830972e+00
1.066066066066066043e+01 2.911070686027912746e+00
1.067067067067067043e+01 2.913773579198066788e+00
1.068068068068068044e+01 2.916471682918528430e+00
1.069069069069069045e+01 2.919164992483529897e+00
1.070070070070070045e+01 2.921853503187306966e+00
1.071071071071071046e+01 2.924537210324092751e+00
1.072072072072072046e+01 2.927216109188122584e+00
1.073073073073073047e+01 2.929890195073630910e+00
1.074074074074074048e+01 2.932559463274849954e+00
1.075075075075075048e+01 2.935223909086015937e+00
1.076076076076076049e+01 2.937883527801362415e+00
1.077077077077077050e+01 2.940538314715124724e+00
1.078078078078078050e+01 2.943188265121535085e+00
1.079079079079079051e+01 2.945833374314828834e+00
1.080080080080080052e+01 2.948473637589240859e+00
1.081081081081081052e+01 2.951109050239004272e+00
1.082082082082082053e+01 2.953739607558353963e+00
1.083083083083083054e+01 2.956365304841523933e+00
1.084084084084084054e+01 2.958986137382749515e+00
1.085085085085085055e+01 2.961602100476263821e+00
1.086086086086086056e+01 2.964213189416300409e+00
1.087087087087087056e+01 2.966819399497094611e+00
1.088088088088088057e+01 2.969420726012881318e+00
1.089089089089089057e+01 2.972017164257894084e+00
1.090090090090090058e+01 2.974608709526366024e+00
1.091091091091091059e+01 2.977195357112532470e+00
1.092092092092092059e+01 2.979777102310628756e+00
1.093093093093093060e+01 2.982353940414887994e+00
1.094094094094094061e+01 2.984925866719543741e+00
1.095095095095095061e+01 2.987492876518831331e+00
1.096096096096096062e+01 2.990054965106985208e+00
1.097097097097097063e+01 2.992612127778239373e+00
1.098098098098098063e+01 2.995164359826826495e+00
1.099099099099099064e+01 2.997711656546982795e+00
1.100100100100100065e+01 3.000254013232613648e+00
1.101101101101101065e+01 3.002791424740963944e+00
1.102102102102102066e+01 3.005323884631807996e+00
1.103103103103103066e+01 3.007851386225036894e+00
1.104104104104104067e+01 3.010373922840540839e+00
1.105105105105105068e+01 3.012891487798211809e+00
1.106106106106106068e+01 3.015404074417939118e+00
1.107107107107107069e+01 3.017911676019615186e+00
1.108108108108108070e+01 3.020414285923130659e+00
1.109109109109109070e+01 3.022911897448375296e+00
1.110110110110110071e+01 3.025404503915241960e+00
1.111111111111111072e+01 3.027892098643619523e+00
1.112112112112112072e+01 3.030374674953400405e+00
1.113113113113113073e+01 3.032852226164474807e+00
1.114114114114114074e+01 3.035324745596733820e+00
1.115115115115115074e+01 3.037792226570068088e+00
1.116116116116116075e+01 3.040254662404368258e+00
1.117117117117117076e+01 3.042712046419526306e+00
1.118118118118118076e+01 3.045164371935432435e+00
1.119119119119119077e+01 3.047611632271977733e+00
1.120120120120120077e+01 3.050053820749052846e+00
1.121121121121121078e+01 3.052490930686548865e+00
1.122122122122122079e+01 3.054922955404356433e+00
1.123123123123123079e+01 3.057349888222367085e+00
1.124124124124124080e+01 3.059771722460471022e+00
1.125125125125125081e+01 3.062188451438559778e+00
1.126126126126126081e+01 3.064600068476523553e+00
1.127127127127127082e+01 3.067006566894253883e+00
1.128128128128128083e+01 3.069407940011641411e+00
1.129129129129129083e+01 3.071804181148576784e+00
1.130130130130130084e+01 3.074195283624951980e+00
1.131131131131131085e+01 3.076581240760656311e+00
1.132132132132132085e+01 3.078962045875582199e+00
1.133133133133133086e+01 3.081337692289618957e+00
1.134134134134134086e+01 3.083708173322658563e+00
1.135135135135135087e+01 3.086073482294592107e+00
1.136136136136136088e+01 3.088433612525309790e+00
1.137137137137137088e+01 3.090788557334703146e+00
1.138138138138138089e+01 3.093138310042662820e+00
1.139139139139139090e+01 3.095482863969079457e+00
1.140140140140140090e+01 3.097822212433843703e+00
1.141141141141141091e+01 3.100156348756847979e+00
1.142142142142142092e+01 3.102485266257981600e+00
1.143143143143143092e+01 3.104808958257135654e+00
1.144144144144144093e+01 3.107127418074201675e+00
1.145145145145145094e+01 3.109440639029070308e+00
1.146146146146146094e+01 3.111748614441632643e+00
1.147147147147147095e+01 3.114051337631779326e+00
1.148148148148148096e+01 3.116348801919401446e+00
1.149149149149149096e+01 3.118641000624389648e+00
1.150150150150150097e+01 3.120927927066634133e+00
1.151151151151151097e+01 3.123209574566028213e+00
1.152152152152152098e+01 3.125485936442460311e+00
1.153153153153153099e+01 3.127757006015822405e+00
1.154154154154154099e+01 3.130022776606004697e+00
1.155155155155155100e+01 3.132283241532900053e+00
1.156156156156156101e+01 3.134538394116396898e+00
1.157157157157157101e+01 3.136788227676387653e+00
1.158158158158158102e+01 3.139032735532762075e+00
1.159159159159159103e+01 3.141271911005412587e+00
1.160160160160160103e+01 3.143505747414228946e+00
1.161161161161161104e+01 3.145734238079102241e+00
1.162162162162162105e+01 3.147957376319923561e+00
1.163163163163163105e+01 3.150175155456583997e+00
1.164164164164164106e+01 3.152387568808974194e+00
1.165165165165165106e+01 3.154594609696985241e+00
1.166166166166166107e+01 3.156796271440507784e+00
1.167167167167167108e+01 3.158992547359432468e+00
1.168168168168168108e+01 3.161183430773650826e+00
1.169169169169169109e+01 3.163368915003053949e+00
1.170170170170170110e+01 3.165548993367531594e+00
1.171171171171171110e+01 3.167723659186975738e+00
1.172172172172172111e+01 3.169892905781277026e+00
1.173173173173173112e+01 3.172056726470326549e+00
1.174174174174174112e+01 3.174215114574013619e+00
1.175175175175175113e+01 3.176368063412231990e+00
1.176176176176176114e+01 3.178515566304870088e+00
1.177177177177177114e+01 3.180657616571820334e+00
1.178178178178178115e+01 3.182794207532972486e+00
1.179179179179179116e+01 3.184925332508218521e+00
1.180180180180180116e+01 3.187050984817448640e+00
1.181181181181181117e+01 3.189171157780553489e+00
1.182182182182182117e+01 3.191285844717425491e+00
1.183183183183183118e+01 3.193395038947953513e+00
1.184184184184184119e+01 3.195498733792030421e+00
1.185185185185185119e+01 3.197596922569545086e+00
1.186186186186186120e+01 3.199689598600389484e+00
1.187187187187187121e+01 3.201776755204455149e+00
1.188188188188188121e+01 3.203858385701632283e+00
1.189189189189189122e+01 3.205934483411811531e+00
1.190190190190190123e+01 3.208005041654884426e+00
1.191191191191191123e+01 3.210070053750741614e+00
1.192192192192192124e+01 3.212129513019273741e+00
1.193193193193193125e+01 3.214183412780371896e+00
1.194194194194194125e+01 3.216231746353927168e+00
1.195195195195195126e+01 3.218274507059830203e+00
1.196196196196196126e+01 3.220311688217971646e+00
1.197197197197197127e+01 3.222343283148243032e+00
1.198198198198198128e+01 3.224369285170535449e+00
1.199199199199199128e+01 3.226389687604738654e+00
1.200200200200200129e+01 3.228404483770745070e+00
1.201201201201201130e+01 3.230413666988444010e+00
1.202202202202202130e+01 3.232417230577727452e+00
1.203203203203203131e+01 3.234415167858486040e+00
1.204204204204204132e+01 3.236407472150609976e+00
1.205205205205205132e+01 3.238394136773992127e+00
1.206206206206206133e+01 3.240375155048520917e+00
1.207207207207207134e+01 3.242350520294089211e+00
1.208208208208208134e+01 3.244320225830586768e+00
1.209209209209209135e+01 3.246284264977904677e+00
1.210210210210210136e+01 3.248242631055934027e+00
1.211211211211211136e+01 3.250195317384565907e+00
1.212212212212212137e+01 3.252142317283691852e+00
1.213213213213213137e+01 3.254083624073201175e+00
1.214214214214214138e+01 3.256019231072985409e+00
1.215215215215215139e+01 3.257949131602935200e+00
1.216216216216216139e+01 3.259873318982942969e+00
1.217217217217217140e+01 3.261791786532898030e+00
1.218218218218218141e+01 3.263704527572691916e+00
1.219219219219219141e+01 3.265611535422214828e+00
1.220220220220220142e+01 3.267512803401359189e+00
1.221221221221221143e+01 3.269408324830014312e+00
1.222222222222222143e+01 3.271298093028071285e+00
1.223223223223223144e+01 3.273182101315422088e+00
1.224224224224224145e+01 3.275060343011956920e+00
1.225225225225225145e+01 3.276932811437566873e+00
1.226226226226226146e+01 3.278799499912142590e+00
1.227227227227227146e+01 3.280660401755575162e+00
1.228228228228228147e+01 3.282515510287755678e+00
1.229229229229229148e+01 3.284364818828573895e+00
1.230230230230230148e+01 3.286208320697923124e+00
1.231231231231231149e+01 3.288046009215691790e+00
1.232232232232232150e+01 3.289877877701772313e+00
1.233233233233233150e+01 3.291703919476054896e+00
1.234234234234234151e+01 3.293524127858430628e+00
1.235235235235235152e+01 3.295338496168790154e+00
1.236236236236236152e+01 3.297147017727025009e+00
1.237237237237237153e+01 3.298949685853025393e+00
1.238238238238238154e+01 3.300746493866683284e+00
1.239239239239239154e+01 3.302537435087887996e+00
1.240240240240240155e+01 3.304322502836531950e+00
1.241241241241241156e+01 3.306101690432505347e+00
1.242242242242242156e+01 3.307874991195698833e+00
1.243243243243243157e+01 3.309642398446003941e+00
1.244244244244244157e+01 3.311403905503310874e+00
1.245245245245245158e+01 3.313159505687511164e+00
1.246246246246246159e+01 3.314909192318495901e+00
1.247247247247247159e+01 3.316652958716154842e+00
1.248248248248248160e+01 3.318390798200379965e+00
1.249249249249249161e+01 3.320122704091061916e+00
1.250250250250250161e+01 3.321848669708091339e+00
1.251251251251251162e+01 3.323568688371359325e+00
1.252252252252252163e+01 3.325282753400756963e+00
1.253253253253253163e+01 3.326990858116174454e+00
1.254254254254254164e+01 3.328692995837504220e+00
1.255255255255255165e+01 3.330389159884635131e+00
1.256256256256256165e+01 3.332079343577460051e+00
1.257257257257257166e+01 3.333763540235867850e+00
1.258258258258258167e+01 3.335441743179750951e+00
1.259259259259259167e+01 3.337113945729000442e+00
1.260260260260260168e+01 3.338780141203506080e+00
1.261261261261261168e+01 3.340440322923159400e+00
1.262262262262262169e+01 3.342094484207851046e+00
1.263263263263263170e+01 3.343742618377472997e+00
1.264264264264264170e+01 3.345384718751914122e+00
1.265265265265265171e+01 3.347020778651066841e+00
1.266266266266266172e+01 3.348650791394821802e+00
1.267267267267267172e+01 3.350274750303069649e+00
1.268268268268268173e+01 3.351892648695701915e+00
1.269269269269269174e+01 3.353504479892608359e+00
1.270270270270270174e+01 3.355110237213681401e+00
1.271271271271271175e+01 3.356709913978810356e+00
1.272272272272272176e+01 3.358303503507887644e+00
1.273273273273273176e+01 3.359890999120802579e+00
1.274274274274274177e+01 3.361472394137447584e+00
1.275275275275275177e+01 3.363047681877711970e+00
1.276276276276276178e+01 3.364616855661487715e+00
1.277277277277277179e+01 3.366179908808666355e+00
1.278278278278278179e+01 3.367736834639137200e+00
1.279279279279279180e+01 3.369287626472792230e+00
1.280280280280280181e+01 3.370832277629522089e+00
1.281281281281281181e+01 3.372370781429217867e+00
1.282282282282282360e+01 3.373903131191770211e+00
1.283283283283283360e+01 3.375429320237070208e+00
1.284284284284284361e+01 3.376949341885008060e+00
1.285285285285285362e+01 3.378463189455475302e+00
1.286286286286286362e+01 3.379970856268363022e+00
1.287287287287287363e+01 3.381472335643561866e+00
1.288288288288288364e+01 3.382967620900962480e+00
1.289289289289289364e+01 3.384456705360456397e+00
1.290290290290290365e+01 3.385939582341934262e+00
1.291291291291291365e+01 3.387416245165286721e+00
1.292292292292292366e+01 3.388886687150404420e+00
1.293293293293293367e+01 3.390350901617179336e+00
1.294294294294294367e+01 3.391808881885501670e+00
1.295295295295295368e+01 3.393260621275262068e+00
1.296296296296296369e+01 3.394706113106352063e+00
1.297297297297297369e+01 3.396145350698661858e+00
1.298298298298298370e+01 3.397578327372082985e+00
1.299299299299299371e+01 3.399005036446505645e+00
1.300300300300300371e+01 3.400425471413300649e+00
1.301301301301301372e+01 3.401839639031182916e+00
1.302302302302302373e+01 3.403247568547944191e+00
1.303303303303303373e+01 3.404649291389787891e+00
1.304304304304304374e+01 3.406044838982914325e+00
1.305305305305305374e+01 3.407434242753526021e+00
1.306306306306306375e+01 3.408817534127826399e+00
1.307307307307307376e+01 3.410194744532016653e+00
1.308308308308308376e+01 3.411565905392298870e+00
1.309309309309309377e+01 3.412931048134874690e+00
1.310310310310310378e+01 3.414290204185947086e+00
1.311311311311311378e+01 3.415643404971717700e+00
1.312312312312312379e+01 3.416990681918389061e+00
1.313313313313313380e+01 3.418332066452162366e+00
1.314314314314314380e+01 3.419667589999241031e+00
1.315315315315315381e+01 3.420997283985826698e+00
1.316316316316316382e+01 3.422321179838121008e+00
1.317317317317317382e+01 3.423639308982326046e+00
1.318318318318318383e+01 3.424951702844644785e+00
1.319319319319319384e+01 3.426258392851279311e+00
1.320320320320320384e+01 3.427559410428429931e+00
1.321321321321321385e+01 3.428854787002300952e+00
1.322322322322322385e+01 3.430144553999094015e+00
1.323323323323323386e+01 3.431428742845010760e+00
1.324324324324324387e+01 3.432707384966252384e+00
1.325325325325325387e+01 3.433980511789023637e+00
1.326326326326326388e+01 3.435248154739523940e+00
1.327327327327327389e+01 3.436510345243957154e+00
1.328328328328328389e+01 3.437767114728524032e+00
1.329329329329329390e+01 3.439018494619427990e+00
1.330330330330330391e+01 3.440264516342870671e+00
1.331331331331331391e+01 3.441505211325053271e+00
1.332332332332332392e+01 3.442740610992179651e+00
1.333333333333333393e+01 3.443970746770451008e+00
1.334334334334334393e+01 3.445195650086068984e+00
1.335335335335335394e+01 3.446415352365236107e+00
1.336336336336336394e+01 3.447629885034155350e+00
1.337337337337337395e+01 3.448839279519027468e+00
1.338338338338338396e+01 3.450043567246055431e+00
1.339339339339339396e+01 3.451242779641440883e+00
1.340340340340340397e+01 3.452436948131386352e+00
1.341341341341341398e+01 3.453626104142093922e+00
1.342342342342342398e+01 3.454810279099764792e+00
1.343343343343343399e+01 3.455989504430602821e+00
1.344344344344344400e+01 3.457163811560808764e+00
1.345345345345345400e+01 3.458333231916585149e+00
1.346346346346346401e+01 3.459497796924133617e+00
1.347347347347347402e+01 3.460657538009657586e+00
1.348348348348348402e+01 3.461812486599357808e+00
1.349349349349349403e+01 3.462962674119437256e+00
1.350350350350350404e+01 3.464108131996097129e+00
1.351351351351351404e+01 3.465248891655541286e+00
1.352352352352352405e+01 3.466384984523969592e+00
1.353353353353353405e+01 3.467516442027585466e+00
1.354354354354354406e+01 3.468643295592591436e+00
1.355355355355355407e+01 3.469765576645188698e+00
1.356356356356356407e+01 3.470883316611579783e+00
1.357357357357357408e+01 3.471996546917966331e+00
1.358358358358358409e+01 3.473105298990551315e+00
1.359359359359359409e+01 3.474209604255536377e+00
1.360360360360360410e+01 3.475309494139123601e+00
1.361361361361361411e+01 3.476405000067514628e+00
1.362362362362362411e+01 3.477496153466912876e+00
1.363363363363363412e+01 3.478582985763519542e+00
1.364364364364364413e+01 3.479665528383536710e+00
1.365365365365365413e+01 3.480743812753166466e+00
1.366366366366366414e+01 3.481817870298611783e+00
1.367367367367367414e+01 3.482887732446074303e+00
1.368368368368368415e+01 3.483953430621754777e+00
1.369369369369369416e+01 3.485014996251857511e+00
1.370370370370370416e+01 3.486072460762583702e+00
1.371371371371371417e+01 3.487125855580135436e+00
1.372372372372372418e+01 3.488175212130713909e+00
1.373373373373373418e+01 3.489220561840522983e+00
1.374374374374374419e+01 3.490261936135763854e+00
1.375375375375375420e+01 3.491299366442639052e+00
1.376376376376376420e+01 3.492332884187349773e+00
1.377377377377377421e+01 3.493362520796098991e+00
1.378378378378378422e+01 3.494388307695088791e+00
1.379379379379379422e+01 3.495410276310520814e+00
1.380380380380380423e+01 3.496428458068597145e+00
1.381381381381381424e+01 3.497442884395520757e+00
1.382382382382382424e+01 3.498453586717493291e+00
1.383383383383383425e+01 3.499460596460716388e+00
1.384384384384384425e+01 3.500463945051392578e+00
1.385385385385385426e+01 3.501463663915724389e+00
1.386386386386386427e+01 3.502459784479913463e+00
1.387387387387387427e+01 3.503452338170161440e+00
1.388388388388388428e+01 3.504441356412671293e+00
1.389389389389389429e+01 3.505426870633645109e+00
1.390390390390390429e+01 3.506408912259284527e+00
1.391391391391391430e+01 3.507387512715791189e+00
1.392392392392392431e+01 3.508362703429368956e+00
1.393393393393393431e+01 3.509334515826218581e+00
1.394394394394394432e+01 3.510302981332542149e+00
1.395395395395395433e+01 3.511268131374542190e+00
1.396396396396396433e+01 3.512229997378421231e+00
1.397397397397397434e+01 3.513188610770380471e+00
1.398398398398398434e+01 3.514144002976622438e+00
1.399399399399399435e+01 3.515096205423349218e+00
1.400400400400400436e+01 3.516045249536763784e+00
1.401401401401401436e+01 3.516991166743066888e+00
1.402402402402402437e+01 3.517933988468460615e+00
1.403403403403403438e+01 3.518873746139148384e+00
1.404404404404404438e+01 3.519810471181331391e+00
1.405405405405405439e+01 3.520744195021212164e+00
1.406406406406406440e+01 3.521674949084992789e+00
1.407407407407407440e+01 3.522602764798875352e+00
1.408408408408408441e+01 3.523527673589061493e+00
1.409409409409409442e+01 3.524449706881753741e+00
1.410410410410410442e+01 3.525368896103154182e+00
1.411411411411411443e+01 3.526285272679465344e+00
1.412412412412412444e+01 3.527198868036888868e+00
1.413413413413413444e+01 3.528109713601625952e+00
1.414414414414414445e+01 3.529017840799880901e+00
1.415415415415415445e+01 3.529923281057854023e+00
1.416416416416416446e+01 3.530826065801748292e+00
1.417417417417417447e+01 3.531726226457765350e+00
1.418418418418418447e+01 3.532623794452108168e+00
1.419419419419419448e+01 3.533518801210977500e+00
1.420420420420420449e+01 3.534411278160576320e+00
1.421421421421421449e+01 3.535301256727107155e+00
1.422422422422422450e+01 3.536188768336771204e+00
1.423423423423423451e+01 3.537073844415771440e+00
1.424424424424424451e+01 3.537956516390308614e+00
1.425425425425425452e+01 3.538836815686586590e+00
1.426426426426426453e+01 3.539714773730806563e+00
1.427427427427427453e+01 3.540590421949170619e+00
1.428428428428428454e+01 3.541463791767880842e+00
1.429429429429429455e+01 3.542334914613139762e+00
1.430430430430430455e+01 3.543203821911149465e+00
1.431431431431431456e+01 3.544070545088111146e+00
1.432432432432432456e+01 3.544935115570228668e+00
1.433433433433433457e+01 3.545797564783702782e+00
1.434434434434434458e+01 3.546657924154735575e+00
1.435435435435435458e+01 3.547516225109529575e+00
1.436436436436436459e+01 3.548372499074286868e+00
1.437437437437437460e+01 3.549226777475209982e+00
1.438438438438438460e+01 3.550079091738500114e+00
1.439439439439439461e+01 3.550929473290360683e+00
1.440440440440440462e+01 3.551777953556992440e+00
1.441441441441441462e+01 3.552624563964598359e+00
1.442442442442442463e+01 3.553469335939379636e+00
1.443443443443443464e+01 3.554312300907539690e+00
1.444444444444444464e+01 3.555153490295280161e+00
1.445445445445445465e+01 3.555992935528802690e+00
1.446446446446446465e+01 3.556830668034308918e+00
1.447447447447447466e+01 3.557666719238003150e+00
1.448448448448448467e+01 3.558501120566085252e+00
1.449449449449449467e+01 3.559333903444758640e+00
1.450450450450450468e+01 3.560165099300224512e+00
1.451451451451451469e+01 3.560994739558686284e+00
1.452452452452452469e+01 3.561822855646344710e+00
1.453453453453453470e+01 3.562649478989402319e+00
1.454454454454454471e+01 3.563474641014061639e+00
1.455455455455455471e+01 3.564298373146524312e+00
1.456456456456456472e+01 3.565120706812992868e+00
1.457457457457457473e+01 3.565941673439668946e+00
1.458458458458458473e+01 3.566761304452755077e+00
1.459459459459459474e+01 3.567579631278453789e+00
1.460460460460460475e+01 3.568396685342966279e+00
1.461461461461461475e+01 3.569212498072494633e+00
1.462462462462462476e+01 3.570027100893241823e+00
1.463463463463463476e+01 3.570840525231409490e+00
1.464464464464464477e+01 3.571652802513199720e+00
1.465465465465465478e+01 3.572463964164815042e+00
1.466466466466466478e+01 3.573274041612456653e+00
1.467467467467467479e+01 3.574083066282327970e+00
1.468468468468468480e+01 3.574891069600629745e+00
1.469469469469469480e+01 3.575698082993564952e+00
1.470470470470470481e+01 3.576504137887335677e+00
1.471471471471471482e+01 3.577309265708144004e+00
1.472472472472472482e+01 3.578113497882191574e+00
1.473473473473473483e+01 3.578916865835680916e+00
1.474474474474474484e+01 3.579719400994814116e+00
1.475475475475475484e+01 3.580521134785793702e+00
1.476476476476476485e+01 3.581322098634820428e+00
1.477477477477477485e+01 3.582122323968098154e+00
1.478478478478478486e+01 3.582921842211828078e+00
1.479479479479479487e+01 3.583720684792211841e+00
1.480480480480480487e+01 3.584518883135453304e+00
1.481481481481481488e+01 3.585316468667752776e+00
1.482482482482482489e+01 3.586113472815312786e+00
1.483483483483483489e+01 3.586909927004335863e+00
1.484484484484484490e+01 3.587705862661024092e+00
1.485485485485485491e+01 3.588501311211579559e+00
1.486486486486486491e+01 3.589296304082204347e+00
1.487487487487487492e+01 3.590090872699099656e+00
1.488488488488488493e+01 3.590885048488469344e+00
1.489489489489489493e+01 3.591678862876514611e+00
1.490490490490490494e+01 3.592472347289437096e+00
1.491491491491491495e+01 3.593265533153440217e+00
1.492492492492492495e+01 3.594058451894725170e+00
1.493493493493493496e+01 3.594851134939494042e+00
1.494494494494494496e+01 3.595643613713948472e+00
1.495495495495495497e+01 3.596435919644292323e+00
1.496496496496496498e+01 3.597228084156725902e+00
1.497497497497497498e+01 3.598020138677452628e+00
1.498498498498498499e+01 3.598812114632673698e+00
1.499499499499499500e+01 3.599604043448591639e+00
1.500500500500500500e+01 3.600395956551408982e+00
1.501501501501501501e+01 3.601187885367326036e+00
1.502502502502502502e+01 3.601979861322547549e+00
1.503503503503503502e+01 3.602771915843274275e+00
1.504504504504504503e+01 3.603564080355708299e+00
1.505505505505505504e+01 3.604356386286051261e+00
1.506506506506506504e+01 3.605148865060506580e+00
1.507507507507507505e+01 3.605941548105275452e+00
1.508508508508508505e+01 3.606734466846559961e+00
1.509509509509509506e+01 3.607527652710562638e+00
1.510510510510510507e+01 3.608321137123485567e+00
1.511511511511511507e+01 3.609114951511530389e+00
1.512512512512512508e+01 3.609909127300900078e+00
1.513513513513513509e+01 3.610703695917796274e+00
1.514514514514514509e+01 3.611498688788420619e+00
1.515515515515515510e+01 3.612294137338976530e+00
1.516516516516516511e+01 3.613090072995664315e+00
1.517517517517517511e+01 3.613886527184687392e+00
1.518518518518518512e+01 3.614683531332247846e+00
1.519519519519519513e+01 3.615481116864547317e+00
1.520520520520520513e+01 3.616279315207787892e+00
1.521521521521521514e+01 3.617078157788172099e+00
1.522522522522522515e+01 3.617877676031902023e+00
1.523523523523523515e+01 3.618677901365179306e+00
1.524524524524524516e+01 3.619478865214206476e+00
1.525525525525525516e+01 3.620280599005185618e+00
1.526526526526526517e+01 3.621083134164319262e+00
1.527527527527527518e+01 3.621886502117808160e+00
1.528528528528528518e+01 3.622690734291856618e+00
1.529529529529529519e+01 3.623495862112664945e+00
1.530530530530530520e+01 3.624301917006435225e+00
1.531531531531531520e+01 3.625108930399370433e+00
1.532532532532532521e+01 3.625916933717672652e+00
1.533533533533533522e+01 3.626725958387543525e+00
1.534534534534534522e+01 3.627536035835185135e+00
1.535535535535535523e+01 3.628347197486800457e+00
1.536536536536536524e+01 3.629159474768590687e+00
1.537537537537537524e+01 3.629972899106758355e+00
1.538538538538538525e+01 3.630787501927505545e+00
1.539539539539539525e+01 3.631603314657033899e+00
1.540540540540540526e+01 3.632420368721546389e+00
1.541541541541541527e+01 3.633238695547244657e+00
1.542542542542542527e+01 3.634058326560330787e+00
1.543543543543543528e+01 3.634879293187007310e+00
1.544544544544544529e+01 3.635701626853476309e+00
1.545545545545545529e+01 3.636525358985938983e+00
1.546546546546546530e+01 3.637350521010597859e+00
1.547547547547547531e+01 3.638177144353655912e+00
1.548548548548548531e+01 3.639005260441314338e+00
1.549549549549549532e+01 3.639834900699775666e+00
1.550550550550550533e+01 3.640666096555241538e+00
1.551551551551551533e+01 3.641498879433914926e+00
1.552552552552552534e+01 3.642333280761997472e+00
1.553553553553553535e+01 3.643169331965690816e+00
1.554554554554554535e+01 3.644007064471197488e+00
1.555555555555555536e+01 3.644846509704720461e+00
1.556556556556556536e+01 3.645687699092460488e+00
1.557557557557557537e+01 3.646530664060620097e+00
1.558558558558558538e+01 3.647375436035402263e+00
1.559559559559559538e+01 3.648222046443008182e+00
1.560560560560560539e+01 3.649070526709639939e+00
1.561561561561561540e+01 3.649920908261499619e+00
1.562562562562562540e+01 3.650773222524790196e+00
1.563563563563563541e+01 3.651627500925713310e+00
1.564564564564564542e+01 3.652483774890470158e+00
1.565565565565565542e+01 3.653342075845264603e+00
1.566566566566566543e+01 3.654202435216297840e+00
1.567567567567567544e+01 3.655064884429771954e+00
1.568568568568568544e+01 3.655929454911888143e+00
1.569569569569569545e+01 3.656796178088850713e+00
1.570570570570570545e+01 3.657665085386860415e+00
1.571571571571571546e+01 3.658536208232119336e+00
1.572572572572572547e+01 3.659409578050829115e+00
1.573573573573573547e+01 3.660285226269193615e+00
1.574574574574574548e+01 3.661163184313413588e+00
1.575575575575575549e+01 3.662043483609691119e+00
1.576576576576576549e+01 3.662926155584228738e+00
1.577577577577577550e+01 3.663811231663228973e+00
1.578578578578578551e+01 3.664698743272893466e+00
1.579579579579579551e+01 3.665588721839423414e+00
1.580580580580580552e+01 3.666481198789022677e+00
1.581581581581581553e+01 3.667376205547892454e+00
1.582582582582582553e+01 3.668273773542234828e+00
1.583583583583583554e+01 3.669173934198251885e+00
1.584584584584584555e+01 3.670076718942146154e+00
1.585585585585585555e+01 3.670982159200119277e+00
1.586586586586586556e+01 3.671890286398373782e+00
1.587587587587587556e+01 3.672801131963111754e+00
1.588588588588588557e+01 3.673714727320534834e+00
1.589589589589589558e+01 3.674631103896845996e+00
1.590590590590590558e+01 3.675550293118246437e+00
1.591591591591591559e+01 3.676472326410938685e+00
1.592592592592592560e+01 3.677397235201124825e+00
1.593593593593593560e+01 3.678325050915007388e+00
1.594594594594594561e+01 3.679255804978787570e+00
1.595595595595595562e+01 3.680189528818668343e+00
1.596596596596596562e+01 3.681126253860851794e+00
1.597597597597597563e+01 3.682066011531539118e+00
1.598598598598598564e+01 3.683008833256933734e+00
1.599599599599599564e+01 3.683954750463236838e+00
1.600600600600600742e+01 3.684903794576650515e+00
1.601601601601601743e+01 3.685855997023377739e+00
1.602602602602602744e+01 3.686811389229620151e+00
1.603603603603603744e+01 3.687770002621579390e+00
1.604604604604604745e+01 3.688731868625457988e+00
1.605605605605605746e+01 3.689697018667458472e+00
1.606606606606606746e+01 3.690665484173782485e+00
1.607607607607607747e+01 3.691637296570631221e+00
1.608608608608608748e+01 3.692612487284208989e+00
1.609609609609609748e+01 3.693591087740716095e+00
1.610610610610610749e+01 3.694573129366355069e+00
1.611611611611611750e+01 3.695558643587328884e+00
1.612612612612612750e+01 3.696547661829838738e+00
1.613613613613613751e+01 3.697540215520087603e+00
1.614614614614614752e+01 3.698536336084276233e+00
1.615615615615615752e+01 3.699536054948607600e+00
1.616616616616616753e+01 3.700539403539284233e+00
1.617617617617617753e+01 3.701546413282507331e+00
1.618618618618618754e+01 3.702557115604479421e+00
1.619619619619619755e+01 3.703571541931403033e+00
1.620620620620620755e+01 3.704589723689479364e+00
1.621621621621621756e+01 3.705611692304911831e+00
1.622622622622622757e+01 3.706637479203901187e+00
1.623623623623623757e+01 3.707667115812650405e+00
1.624624624624624758e+01 3.708700633557361570e+00
1.625625625625625759e+01 3.709738063864236324e+00
1.626626626626626759e+01 3.710779438159477195e+00
1.627627627627627760e+01 3.711824787869285824e+00
1.628628628628628761e+01 3.712874144419865186e+00
1.629629629629629761e+01 3.713927539237416475e+00
1.630630630630630762e+01 3.714985003748142667e+00
1.631631631631631763e+01 3.716046569378245401e+00
1.632632632632632763e+01 3.717112267553926763e+00
1.633633633633633764e+01 3.718182129701388394e+00
1.634634634634634764e+01 3.719256187246833267e+00
1.635635635635635765e+01 3.720334471616463468e+00
1.636636636636636766e+01 3.721417014236481080e+00
1.637637637637637766e+01 3.722503846533087302e+00
1.638638638638638767e+01 3.723594999932485106e+00
1.639639639639639768e+01 3.724690505860876577e+00
1.640640640640640768e+01 3.725790395744463801e+00
1.641641641641641769e+01 3.726894701009448863e+00
1.642642642642642770e+01 3.728003453082033847e+00
1.643643643643643770e+01 3.729116683388420839e+00
1.644644644644644771e+01 3.730234423354811479e+00
1.645645645645645772e+01 3.731356704407408742e+00
1.646646646646646772e+01 3.732483557972414712e+00
1.647647647647647773e+01 3.733615015476031029e+00
1.648648648648648773e+01 3.734751108344459336e+00
1.649649649649649774e+01 3.735891868003903049e+00
1.650650650650650775e+01 3.737037325880563365e+00
1.651651651651651775e+01 3.738187513400641926e+00
1.652652652652652776e+01 3.739342461990342592e+00
1.653653653653653777e+01 3.740502203075866117e+00
1.654654654654654777e+01 3.741666768083415473e+00
1.655655655655655778e+01 3.742836188439191414e+00
1.656656656656656779e+01 3.744010495569397357e+00
1.657657657657657779e+01 3.745189720900235386e+00
1.658658658658658780e+01 3.746373895857906700e+00
1.659659659659659781e+01 3.747563051868613826e+00
1.660660660660660781e+01 3.748757220358559739e+00
1.661661661661661782e+01 3.749956432753945190e+00
1.662662662662662783e+01 3.751160720480972710e+00
1.663663663663663783e+01 3.752370114965844827e+00
1.664664664664664784e+01 3.753584647634763627e+00
1.665665665665665784e+01 3.754804349913931638e+00
1.666666666666666785e+01 3.756029253229550058e+00
1.667667667667667786e+01 3.757259389007820527e+00
1.668668668668668786e+01 3.758494788674946907e+00
1.669669669669669787e+01 3.759735483657130395e+00
1.670670670670670788e+01 3.760981505380572187e+00
1.671671671671671788e+01 3.762232885271476146e+00
1.672672672672672789e+01 3.763489654756043468e+00
1.673673673673673790e+01 3.764751845260476237e+00
1.674674674674674790e+01 3.766019488210976984e+00
1.675675675675675791e+01 3.767292615033747349e+00
1.676676676676676792e+01 3.768571257154989862e+00
1.677677677677677792e+01 3.769855446000906607e+00
1.678678678678678793e+01 3.771145212997698781e+00
1.679679679679679793e+01 3.772440589571570246e+00
1.680680680680680794e+01 3.773741607148721755e+00
1.681681681681681795e+01 3.775048297155354948e+00
1.682682682682682795e+01 3.776360691017674132e+00
1.683683683683683796e+01 3.777678820161879614e+00
1.684684684684684797e+01 3.779002716014173480e+00
1.685685685685685797e+01 3.780332410000759147e+00
1.686686686686686798e+01 3.781667933547837812e+00
1.687687687687687799e+01 3.783009318081611561e+00
1.688688688688688799e+01 3.784356595028283365e+00
1.689689689689689800e+01 3.785709795814053091e+00
1.690690690690690801e+01 3.787068951865125932e+00
1.691691691691691801e+01 3.788434094607701752e+00
1.692692692692692802e+01 3.789805255467983525e+00
1.693693693693693803e+01 3.791182465872173779e+00
1.694694694694694803e+01 3.792565757246473712e+00
1.695695695695695804e+01 3.793955161017085409e+00
1.696696696696696804e+01 3.795350708610212731e+00
1.697697697697697805e+01 3.796752431452055543e+00
1.698698698698698806e+01 3.798160360968817706e+00
1.699699699699699806e+01 3.799574528586699973e+00
1.700700700700700807e+01 3.800994965731904873e+00
1.701701701701701808e+01 3.802421703830635380e+00
1.702702702702702808e+01 3.803854774309092246e+00
1.703703703703703809e+01 3.805294208593478889e+00
1.704704704704704810e+01 3.806740038109996505e+00
1.705705705705705810e+01 3.808192294284847623e+00
1.706706706706706811e+01 3.809651008544234330e+00
1.707707707707707812e+01 3.811116212314358265e+00
1.708708708708708812e+01 3.812587937021422846e+00
1.709709709709709813e+01 3.814066214091628826e+00
1.710710710710710813e+01 3.815551074951178734e+00
1.711711711711711814e+01 3.817042551026274211e+00
1.712712712712712815e+01 3.818540673743119118e+00
1.713713713713713815e+01 3.820045474527914209e+00
1.714714714714714816e+01 3.821556984806860680e+00
1.715715715715715817e+01 3.823075236006163280e+00
1.716716716716716817e+01 3.824600259552021431e+00
1.717717717717717818e+01 3.826132086870638549e+00
1.718718718718718819e+01 3.827670749388217608e+00
1.719719719719719819e+01 3.829216278530958917e+00
1.720720720720720820e+01 3.830768705725065892e+00
1.721721721721721821e+01 3.832328062396740176e+00
1.722722722722722821e+01 3.833894379972183408e+00
1.723723723723723822e+01 3.835467689877598119e+00
1.724724724724724823e+01 3.837048023539187724e+00
1.725725725725725823e+01 3.838635412383151646e+00
1.726726726726726824e+01 3.840229887835694633e+00
1.727727727727727824e+01 3.841831481323016995e+00
1.728728728728728825e+01 3.843440224271321259e+00
1.729729729729729826e+01 3.845056148106810845e+00
1.730730730730730826e+01 3.846679284255686060e+00
1.731731731731731827e+01 3.848309664144149878e+00
1.732732732732732828e+01 3.849947319198404827e+00
1.733733733733733828e+01 3.851592280844652105e+00
1.734734734734734829e+01 3.853244580509093797e+00
1.735735735735735830e+01 3.854904249617933321e+00
1.736736736736736830e+01 3.856571319597371428e+00
1.737737737737737831e+01 3.858245821873611980e+00
1.738738738738738832e+01 3.859927787872854399e+00
1.739739739739739832e+01 3.861617249021302101e+00
1.740740740740740833e+01 3.863314236745158947e+00
1.741741741741741833e+01 3.865018782470624359e+00
1.742742742742742834e+01 3.866730917623902197e+00
1.743743743743743835e+01 3.868450673631194103e+00
1.744744744744744835e+01 3.870178081918701274e+00
1.745745745745745836e+01 3.871913173912626682e+00
1.746746746746746837e+01 3.873655981039173746e+00
1.747747747747747837e+01 3.875406534724541885e+00
1.748748748748748838e+01 3.877164866394935405e+00
1.749749749749749839e+01 3.878931007476555060e+00
1.750750750750750839e+01 3.880704989395603377e+00
1.751751751751751840e+01 3.882486843578283331e+00
1.752752752752752841e+01 3.884276601450795674e+00
1.753753753753753841e+01 3.886074294439342935e+00
1.754754754754754842e+01 3.887879953970128533e+00
1.755755755755755843e+01 3.889693611469352774e+00
1.756756756756756843e+01 3.891515298363218189e+00
1.757757757757757844e+01 3.893345046077928195e+00
1.758758758758758844e+01 3.895182886039683101e+00
1.759759759759759845e+01 3.897028849674687212e+00
1.760760760760760846e+01 3.898882968409139504e+00
1.761761761761761846e+01 3.900745273669244728e+00
1.762762762762762847e+01 3.902615796881204968e+00
1.763763763763763848e+01 3.904494569471220089e+00
1.764764764764764848e+01 3.906381622865495284e+00
1.765765765765765849e+01 3.908276988490229531e+00
1.766766766766766850e+01 3.910180697771626690e+00
1.767767767767767850e+01 3.912092782135888847e+00
1.768768768768768851e+01 3.914013273009218530e+00
1.769769769769769852e+01 3.915942201817816493e+00
1.770770770770770852e+01 3.917879599987887040e+00
1.771771771771771853e+01 3.919825498945629150e+00
1.772772772772772854e+01 3.921779930117247570e+00
1.773773773773773854e+01 3.923742924928943943e+00
1.774774774774774855e+01 3.925714514806919020e+00
1.775775775775775855e+01 3.927694731177376664e+00
1.776776776776776856e+01 3.929683605466517626e+00
1.777777777777777857e+01 3.931681169100544881e+00
1.778778778778778857e+01 3.933687453505659626e+00
1.779779779779779858e+01 3.935702490108065721e+00
1.780780780780780859e+01 3.937726310333963475e+00
1.781781781781781859e+01 3.939758945609556307e+00
1.782782782782782860e+01 3.941800427361044967e+00
1.783783783783783861e+01 3.943850787014632431e+00
1.784784784784784861e+01 3.945910055996521670e+00
1.785785785785785862e+01 3.947978265732912995e+00
1.786786786786786863e+01 3.950055447650010265e+00
1.787787787787787863e+01 3.952141633174013791e+00
1.788788788788788864e+01 3.954236853731126988e+00
1.789789789789789864e+01 3.956341140747551499e+00
1.790790790790790865e+01 3.958454525649489852e+00
1.791791791791791866e+01 3.960577039863143689e+00
1.792792792792792866e+01 3.962708714814715982e+00
1.793793793793793867e+01 3.964849581930407485e+00
1.794794794794794868e+01 3.966999672636421170e+00
1.795795795795795868e+01 3.969159018358959568e+00
1.796796796796796869e+01 3.971327650524223429e+00
1.797797797797797870e+01 3.973505600558416617e+00
1.798798798798798870e+01 3.975692899887739440e+00
1.799799799799799871e+01 3.977889579938394871e+00
1.800800800800800872e+01 3.980095672136585883e+00
1.801801801801801872e+01 3.982311207908513229e+00
1.802802802802802873e+01 3.984536218680379438e+00
1.803803803803803874e+01 3.986770735878387484e+00
1.804804804804804874e+01 3.989014790928737675e+00
1.805805805805805875e+01 3.991268415257634317e+00
1.806806806806806875e+01 3.993531640291277718e+00
1.807807807807807876e+01 3.995804497455870852e+00
1.808808808808808877e+01 3.998087018177616692e+00
1.809809809809809877e+01 4.000379233882715546e+00
1.810810810810810878e+01 4.002681175997369500e+00
1.811811811811811879e+01 4.004992875947783304e+00
1.812812812812812879e+01 4.007314365160155489e+00
1.813813813813813880e+01 4.009645675060690806e+00
1.814814814814814881e+01 4.011986837075591339e+00
1.815815815815815881e+01 4.014337882631057397e+00
1.816816816816816882e+01 4.016698843153291953e+00
1.817817817817817883e+01 4.019069750068497981e+00
1.818818818818818883e+01 4.021450634802876678e+00
1.819819819819819884e+01 4.023841528782631016e+00
1.820820820820820884e+01 4.026242463433961305e+00
1.821821821821821885e+01 4.028653470183071406e+00
1.822822822822822886e+01 4.031074580456163403e+00
1.823823823823823886e+01 4.033505825679438495e+00
1.824824824824824887e+01 4.035947237279098765e+00
1.825825825825825888e+01 4.038398846681348076e+00
1.826826826826826888e+01 4.040860685312385847e+00
1.827827827827827889e+01 4.043332784598415941e+00
1.828828828828828890e+01 4.045815175965641330e+00
1.829829829829829890e+01 4.048307890840261436e+00
1.830830830830830891e+01 4.050810960648481007e+00
1.831831831831831892e+01 4.053324416816500353e+00
1.832832832832832892e+01 4.055848290770521558e+00
1.833833833833833893e+01 4.058382613936749372e+00
1.834834834834834894e+01 4.060927417741382328e+00
1.835835835835835894e+01 4.063482733610624287e+00
1.836836836836836895e+01 4.066048592970679110e+00
1.837837837837837895e+01 4.068625027247745329e+00
1.838838838838838896e+01 4.071212067868027695e+00
1.839839839839839897e+01 4.073809746257727404e+00
1.840840840840840897e+01 4.076418093843046542e+00
1.841841841841841898e+01 4.079037142050187192e+00
1.842842842842842899e+01 4.081666922305351441e+00
1.843843843843843899e+01 4.084307466034742262e+00
1.844844844844844900e+01 4.086958804664560851e+00
1.845845845845845901e+01 4.089620969621009294e+00
1.846846846846846901e+01 4.092293992330289676e+00
1.847847847847847902e+01 4.094977904218605858e+00
1.848848848848848903e+01 4.097672736712157260e+00
1.849849849849849903e+01 4.100378521237146856e+00
1.850850850850850904e+01 4.103095289219778508e+00
1.851851851851851904e+01 4.105823072086251635e+00
1.852852852852852905e+01 4.108561901262770988e+00
1.853853853853853906e+01 4.111311808175536875e+00
1.854854854854854906e+01 4.114072824250751381e+00
1.855855855855855907e+01 4.116844980914619256e+00
1.856856856856856908e+01 4.119628309593338145e+00
1.857857857857857908e+01 4.122422841713113684e+00
1.858858858858858909e+01 4.125228608700147959e+00
1.859859859859859910e+01 4.128045641980640390e+00
1.860860860860860910e+01 4.130873972980795727e+00
1.861861861861861911e+01 4.133713633126814280e+00
1.862862862862862912e+01 4.136564653844899020e+00
1.863863863863863912e+01 4.139427066561253810e+00
1.864864864864864913e+01 4.142300902702077181e+00
1.865865865865865914e+01 4.145186193693572996e+00
1.866866866866866914e+01 4.148082970961944227e+00
1.867867867867867915e+01 4.150991265933392071e+00
1.868868868868868915e+01 4.153911110034118614e+00
1.869869869869869916e+01 4.156842534690326829e+00
1.870870870870870917e+01 4.159785571328217912e+00
1.871871871871871917e+01 4.162740251373993061e+00
1.872872872872872918e+01 4.165706606253857025e+00
1.873873873873873919e+01 4.168684667394010113e+00
1.874874874874874919e+01 4.171674466220654409e+00
1.875875875875875920e+01 4.174676034159992888e+00
1.876876876876876921e+01 4.177689402638226746e+00
1.877877877877877921e+01 4.180714603081559844e+00
1.878878878878878922e+01 4.183751666916191603e+00
1.879879879879879923e+01 4.186800625568324996e+00
1.880880880880880923e+01 4.189861510464164773e+00
1.881881881881881924e+01 4.192934353029909467e+00
1.882882882882882924e+01 4.196019184691762938e+00
1.883883883883883925e+01 4.199116036875927271e+00
1.884884884884884926e+01 4.202224941008603665e+00
1.885885885885885926e+01 4.205345928515995979e+00
1.886886886886886927e+01 4.208479030824305411e+00
1.887887887887887928e+01 4.211624279359733158e+00
1.888888888888888928e+01 4.214781705548483082e+00
1.889889889889889929e+01 4.217951340816755490e+00
1.890890890890890930e+01 4.221133216590754245e+00
1.891891891891891930e+01 4.224327364296680543e+00
1.892892892892892931e+01 4.227533815360736469e+00
1.893893893893893932e+01 4.230752601209123220e+00
1.894894894894894932e+01 4.233983753268045547e+00
1.895895895895895933e+01 4.237227302963702869e+00
1.896896896896896934e+01 4.240483281722299935e+00
1.897897897897897934e+01 4.243751720970035279e+00
1.898898898898898935e+01 4.247032652133113650e+00
1.899899899899899935e+01 4.250326106637738022e+00
1.900900900900900936e+01 4.253632115910107814e+00
1.901901901901901937e+01 4.256950711376426888e+00
1.902902902902902937e+01 4.260281924462896441e+00
1.903903903903903938e+01 4.263625786595719447e+00
1.904904904904904939e+01 4.266982329201097102e+00
1.905905905905905939e+01 4.270351583705233267e+00
1.906906906906906940e+01 4.273733581534327364e+00
1.907907907907907941e+01 4.277128354114584141e+00
1.908908908908908941e+01 4.280535932872203908e+00
1.909909909909909942e+01 4.283956349233389638e+00
1.910910910910910943e+01 4.287389634624344303e+00
1.911911911911911943e+01 4.290835820471267326e+00
1.912912912912912944e+01 4.294294938200362566e+00
1.913913913913913944e+01 4.297767019237833885e+00
1.914914914914914945e+01 4.301252095009879817e+00
1.915915915915915946e+01 4.304750196942704221e+00
1.916916916916916946e+01 4.308261356462510960e+00
1.917917917917917947e+01 4.311785604995498566e+00
1.918918918918918948e+01 4.315322973967872677e+00
1.919919919919919948e+01 4.318873494805832713e+00
1.920920920920920949e+01 4.322437198935581648e+00
1.921921921921921950e+01 4.326014117783321566e+00
1.922922922922922950e+01 4.329604282775255442e+00
1.923923923923923951e+01 4.333207725337585359e+00
1.924924924924924952e+01 4.336824476896511626e+00
1.925925925925925952e+01 4.340454568878238106e+00
1.926926926926926953e+01 4.344098032708966883e+00
1.927927927927927954e+01 4.347754899814899154e+00
1.928928928928928954e+01 4.351425201622237005e+00
1.929929929929929955e+01 4.355108969557184295e+00
1.930930930930930955e+01 4.358806235045941335e+00
1.931931931931931956e+01 4.362517029514709321e+00
1.932932932932932957e+01 4.366241384389693891e+00
1.933933933933933957e+01 4.369979331097093578e+00
1.934934934934934958e+01 4.373730901063114018e+00
1.935935935935935959e+01 4.377496125713953745e+00
1.936936936936936959e+01 4.381275036475816620e+00
1.937937937937937960e+01 4.385067664774903839e+00
1.938938938938938961e+01 4.388874042037420153e+00
1.939939939939939961e+01 4.392694199689564094e+00
1.940940940940940962e+01 4.396528169157541299e+00
1.941941941941941963e+01 4.400375981867551189e+00
1.942942942942942963e+01 4.404237669245795850e+00
1.943943943943943964e+01 4.408113262718480030e+00
1.944944944944944965e+01 4.412002793711803150e+00
1.945945945945945965e+01 4.415906293651969072e+00
1.946946946946946966e+01 4.419823793965178105e+00
1.947947947947947966e+01 4.423755326077634109e+00
1.948948948948948967e+01 4.427700921415538282e+00
1.949949949949949968e+01 4.431660611405093597e+00
1.950950950950950968e+01 4.435634427472500363e+00
1.951951951951951969e+01 4.439622401043964217e+00
1.952952952952952970e+01 4.443624563545682804e+00
1.953953953953953970e+01 4.447640946403861761e+00
1.954954954954954971e+01 4.451671581044701398e+00
1.955955955955955972e+01 4.455716498894403799e+00
1.956956956956956972e+01 4.459775731379172825e+00
1.957957957957957973e+01 4.463849309925207010e+00
1.958958958958958974e+01 4.467937265958712878e+00
1.959959959959959974e+01 4.472039630905890739e+00
1.960960960960960975e+01 4.476156436192941790e+00
1.961961961961961975e+01 4.480287713246068115e+00
1.962962962962962976e+01 4.484433493491473577e+00
1.963963963963963977e+01 4.488593808355358483e+00
1.964964964964964977e+01 4.492768689263925808e+00
1.965965965965965978e+01 4.496958167643378523e+00
1.966966966966966979e+01 4.501162274919916939e+00
1.967967967967967979e+01 4.505381042519744916e+00
1.968968968968968980e+01 4.509614501869062764e+00
1.969969969969969981e+01 4.513862684394073455e+00
1.970970970970970981e+01 4.518125621520980850e+00
1.971971971971971982e+01 4.522403344675983483e+00
1.972972972972972983e+01 4.526695885285286103e+00
1.973973973973973983e+01 4.531003274775091683e+00
1.974974974974974984e+01 4.535325544571597867e+00
1.975975975975975985e+01 4.539662726101012069e+00
1.976976976976976985e+01 4.544014850789532822e+00
1.977977977977977986e+01 4.548381950063363988e+00
1.978978978978978986e+01 4.552764055348706762e+00
1.979979979979979987e+01 4.557161198071764119e+00
1.980980980980980988e+01 4.561573409658738143e+00
1.981981981981981988e+01 4.566000721535830031e+00
1.982982982982982989e+01 4.570443165129241869e+00
1.983983983983983990e+01 4.574900771865176630e+00
1.984984984984984990e+01 4.579373573169837286e+00
1.985985985985985991e+01 4.583861600469423259e+00
1.986986986986986992e+01 4.588364885190138409e+00
1.987987987987987992e+01 4.592883458758185711e+00
1.988988988988988993e+01 4.597417352599764584e+00
1.989989989989989994e+01 4.601966598141080667e+00
1.990990990990990994e+01 4.606531226808333379e+00
1.991991991991991995e+01 4.611111270027724807e+00
1.992992992992992995e+01 4.615706759225459699e+00
1.993993993993993996e+01 4.620317725827736588e+00
1.994994994994994997e+01 4.624944201260760224e+00
1.995995995995995997e+01 4.629586216950732691e+00
1.996996996996996998e+01 4.634243804323854299e+00
1.997997997997997999e+01 4.638916994806328020e+00
1.998998998998998999e+01 4.643605819824356828e+00
2.000000000000000000e+01 4.648310310804141920e+00
